0.022525 0.012679 0.254197 0.010464 0.001438 0.059357 0.022141 0.009782 0.094461 0.003881 0.003133 0.023593 0.037212 0.004958 0.294425 0.002132 0.000829 0.020691 0.002238 0.002116 0.018636 0.010441 0.002235 0.036367 0.002270 0.001829 0.045968
0.093314 0.004479 0.019100 0.360281 0.014172 0.021559 0.058080 0.010847 0.008771 0.262603 0.006564 0.011069 0.021402 0.001489 0.004655 0.037678 0.004994 0.013611 0.003988 0.000409 0.000929 0.013226 0.000259 0.002920 0.019041 0.000550 0.004009
0.033458 0.001743 0.001764 0.060909 0.001655 0.000834 0.094952 0.004219 0.002733 0.172450 0.008187 0.003224 0.042336 0.007126 0.002445 0.388499 0.011691 0.006435 0.054734 0.000734 0.000586 0.050340 0.001066 0.000958 0.043714 0.000894 0.002313
0.029509 0.033994 0.066177 0.147654 0.052362 0.120573 0.034354 0.029127 0.087069 0.075179 0.049561 0.101494 0.022322 0.008321 0.013603 0.037102 0.014419 0.020965 0.004260 0.002890 0.003352 0.009857 0.003972 0.017650 0.005153 0.001478 0.007601
0.038776 0.139638 0.056531 0.136443 0.232504 0.107655 0.008998 0.035228 0.024956 0.005085 0.012531 0.008784 0.004261 0.002992 0.001573 0.003743 0.017546 0.014511 0.000548 0.002838 0.002905 0.040891 0.043573 0.053286 0.000754 0.001081 0.002367
0.000347 0.017697 0.002119 0.000237 0.001145 0.000298 0.001307 0.129312 0.006024 0.000072 0.001036 0.000191 0.000180 0.010365 0.001065 0.000194 0.003628 0.000903 0.014793 0.703727 0.090933 0.000345 0.008842 0.001251 0.000207 0.002774 0.001005
0.059497 0.091391 0.310440 0.073939 0.035771 0.306524 0.002660 0.009738 0.014897 0.001136 0.001547 0.003083 0.000303 0.000112 0.000381 0.002416 0.003010 0.020669 0.000417 0.004136 0.005264 0.007608 0.002857 0.038853 0.000238 0.000761 0.002356
0.021409 0.091154 0.688935 0.004338 0.003085 0.037001 0.001772 0.004038 0.019825 0.004734 0.002861 0.045494 0.000368 0.000831 0.005165 0.002543 0.001629 0.028709 0.000441 0.002711 0.009336 0.000833 0.000809 0.017364 0.000451 0.000314 0.003849
0.007176 0.025659 0.013495 0.017218 0.035257 0.014049 0.005792 0.013302 0.012703 0.257338 0.371832 0.181021 0.000169 0.000567 0.000479 0.008218 0.016061 0.012113 0.000472 0.001910 0.000873 0.000900 0.000653 0.000845 0.001331 0.000341 0.000224
0.006475 0.765314 0.054637 0.001322 0.017237 0.003082 0.001744 0.021324 0.010469 0.002658 0.054636 0.010894 0.000108 0.002291 0.000791 0.000777 0.025306 0.005740 0.000102 0.006438 0.001619 0.000440 0.004108 0.001267 0.000198 0.000791 0.000234
0.004637 0.726533 0.010685 0.001287 0.037246 0.000967 0.000729 0.037204 0.002085 0.000556 0.016022 0.000759 0.000076 0.004621 0.000277 0.000374 0.052514 0.003484 0.000355 0.059264 0.002494 0.001119 0.032400 0.000948 0.000168 0.002998 0.000198
0.121319 0.096420 0.134098 0.046484 0.030782 0.067653 0.067554 0.048573 0.094431 0.029670 0.017830 0.031266 0.002819 0.003723 0.004313 0.028048 0.030404 0.087842 0.003825 0.003623 0.005089 0.023924 0.002307 0.012039 0.002865 0.000819 0.002280
0.001448 0.054218 0.003287 0.011131 0.473347 0.006487 0.000487 0.009572 0.000877 0.003700 0.082178 0.003450 0.000470 0.009543 0.000521 0.006077 0.087081 0.004252 0.002096 0.061587 0.004193 0.012932 0.146691 0.011041 0.000526 0.002468 0.000336
0.040552 0.306598 0.071413 0.013248 0.057910 0.010995 0.009750 0.041453 0.016959 0.072855 0.130138 0.052730 0.001654 0.011981 0.004657 0.017386 0.064099 0.017591 0.001769 0.013690 0.004014 0.012043 0.013768 0.007626 0.002106 0.002168 0.000846
0.000393 0.011379 0.002725 0.002389 0.027635 0.005897 0.007838 0.129835 0.020867 0.009331 0.200083 0.020620 0.000347 0.022631 0.001609 0.002654 0.060727 0.007754 0.025047 0.366816 0.057475 0.001240 0.010111 0.001330 0.000693 0.001892 0.000682
0.090052 0.001046 0.007978 0.435882 0.004273 0.038443 0.032870 0.002757 0.010882 0.053958 0.001654 0.004290 0.014995 0.000663 0.002284 0.120005 0.001023 0.006527 0.007582 0.000163 0.000501 0.154983 0.000413 0.002935 0.002901 0.000138 0.000801
0.000949 0.017404 0.011387 0.001749 0.014163 0.007934 0.006661 0.281099 0.053501 0.000412 0.011375 0.002829 0.000672 0.008670 0.002004 0.000556 0.008964 0.003347 0.008730 0.485144 0.048585 0.000461 0.014194 0.005889 0.000277 0.001873 0.001171
0.044789 0.002236 0.025043 0.046269 0.001307 0.113432 0.024723 0.005953 0.120829 0.032267 0.006679 0.086168 0.065156 0.002282 0.163089 0.055726 0.002220 0.075974 0.019508 0.001844 0.012471 0.058205 0.000139 0.014866 0.004415 0.000621 0.013789
0.001373 0.036682 0.001639 0.001421 0.060910 0.001602 0.001075 0.019354 0.000683 0.004323 0.086546 0.002752 0.002121 0.013297 0.001841 0.018176 0.235716 0.004462 0.016553 0.320090 0.006080 0.009233 0.129723 0.003652 0.001307 0.017919 0.001470
0.133622 0.012856 0.040173 0.442481 0.061360 0.138973 0.022449 0.019838 0.009693 0.014296 0.003900 0.003945 0.001811 0.000139 0.000306 0.031108 0.003415 0.011081 0.000995 0.000283 0.000410 0.034147 0.001241 0.009696 0.000851 0.000395 0.000537
0.017588 0.064117 0.819175 0.003157 0.001644 0.018482 0.001017 0.006576 0.024744 0.000226 0.000304 0.002708 0.000432 0.000738 0.005288 0.000390 0.000328 0.008050 0.000193 0.001878 0.003582 0.000540 0.000795 0.014670 0.000142 0.000330 0.002907
0.001525 0.094568 0.007104 0.001442 0.189258 0.003047 0.000545 0.013831 0.001473 0.007645 0.276626 0.012935 0.000431 0.011578 0.001654 0.003124 0.117674 0.003312 0.001485 0.160507 0.003765 0.002139 0.075077 0.003705 0.000625 0.004451 0.000473
0.002313 0.027042 0.008928 0.000177 0.000430 0.000836 0.015021 0.180570 0.070267 0.000535 0.006748 0.006918 0.007062 0.160105 0.124927 0.001617 0.011744 0.004667 0.026790 0.256227 0.065821 0.001436 0.006459 0.003556 0.001321 0.004408 0.004072
0.044794 0.004001 0.021398 0.314535 0.020782 0.068086 0.018896 0.010925 0.024191 0.212200 0.040971 0.062932 0.019251 0.002164 0.011613 0.055843 0.004245 0.012800 0.005964 0.003450 0.001608 0.031855 0.000447 0.002247 0.002865 0.000535 0.001403
0.005986 0.051682 0.009171 0.007283 0.079763 0.013247 0.008178 0.047647 0.011713 0.005849 0.206265 0.012731 0.004687 0.022370 0.007834 0.011131 0.214976 0.013386 0.016839 0.209767 0.012842 0.001841 0.013250 0.003697 0.001204 0.005462 0.001195
0.039041 0.036431 0.741639 0.005021 0.002462 0.036473 0.001979 0.004326 0.015710 0.000758 0.000600 0.005610 0.001403 0.001082 0.008758 0.000835 0.000728 0.012051 0.000366 0.002519 0.003933 0.005062 0.001622 0.068184 0.000184 0.000205 0.003020
0.005277 0.056812 0.014092 0.035791 0.242694 0.031635 0.004292 0.034974 0.004739 0.007496 0.045383 0.008679 0.005676 0.011634 0.003398 0.017160 0.131602 0.024151 0.005753 0.032487 0.007639 0.048396 0.118356 0.093524 0.002788 0.003350 0.002219
0.012672 0.021012 0.196640 0.014465 0.011658 0.249649 0.002086 0.004102 0.046199 0.003931 0.003181 0.073942 0.001776 0.002428 0.011940 0.002779 0.001347 0.052671 0.002152 0.007295 0.038903 0.012556 0.003919 0.210127 0.000469 0.000423 0.011680
0.051939 0.332429 0.535915 0.003125 0.002785 0.011078 0.002002 0.013251 0.012310 0.000692 0.001035 0.003844 0.000170 0.000720 0.002209 0.001096 0.003061 0.011064 0.000129 0.001990 0.002160 0.000609 0.000850 0.004011 0.000282 0.000363 0.000882
0.000176 0.014157 0.003478 0.000254 0.005770 0.001797 0.000990 0.025899 0.005048 0.000535 0.013397 0.004250 0.000820 0.182397 0.015038 0.000460 0.027909 0.005005 0.017288 0.545532 0.097513 0.000463 0.020236 0.007195 0.000337 0.001953 0.002104
0.041707 0.117342 0.029244 0.032655 0.162178 0.053557 0.003516 0.011313 0.009349 0.074837 0.131147 0.105420 0.000834 0.002623 0.001779 0.037997 0.116156 0.038734 0.001305 0.005827 0.002183 0.008172 0.002604 0.003896 0.002067 0.002739 0.000818
0.085466 0.020608 0.048533 0.041566 0.009086 0.049712 0.107490 0.053013 0.135645 0.133213 0.062015 0.179631 0.001700 0.001382 0.002732 0.020441 0.011358 0.015260 0.001424 0.001233 0.001969 0.008580 0.000732 0.002744 0.003422 0.000367 0.000676
0.001637 0.000997 0.001161 0.005809 0.001203 0.001126 0.012059 0.010753 0.004548 0.001890 0.001427 0.000801 0.041042 0.288982 0.016079 0.009785 0.006311 0.003343 0.239624 0.138009 0.061284 0.086174 0.034957 0.021739 0.001632 0.001622 0.006005
0.018884 0.063981 0.013047 0.008398 0.003849 0.004332 0.175442 0.399708 0.218768 0.001442 0.008110 0.001513 0.002683 0.007858 0.002008 0.001470 0.028608 0.003457 0.003201 0.011058 0.003333 0.002309 0.009633 0.002413 0.001482 0.002361 0.000650
0.176604 0.081027 0.085686 0.016777 0.004794 0.012530 0.080837 0.018065 0.200130 0.047355 0.047354 0.082650 0.006219 0.009970 0.012524 0.024756 0.033956 0.027847 0.003425 0.004841 0.004898 0.005622 0.000899 0.003114 0.004464 0.001014 0.002643
0.004069 0.013835 0.007521 0.081548 0.363763 0.095659 0.002323 0.024005 0.012528 0.014381 0.212356 0.036723 0.000669 0.001850 0.000811 0.003834 0.033240 0.008199 0.000937 0.023093 0.003841 0.016467 0.018795 0.017645 0.000521 0.000937 0.000452
0.472265 0.001764 0.027337 0.072779 0.001527 0.040407 0.065311 0.002067 0.012960 0.071629 0.001097 0.019661 0.009828 0.000520 0.004640 0.119814 0.000996 0.019639 0.002643 0.000078 0.000531 0.039209 0.000112 0.006836 0.005171 0.000118 0.001062
0.000606 0.003543 0.001277 0.002748 0.022348 0.002555 0.002214 0.008603 0.001098 0.000279 0.002133 0.000399 0.005204 0.095988 0.002170 0.002639 0.023270 0.002809 0.025680 0.156530 0.020804 0.036372 0.495794 0.079314 0.000749 0.001958 0.002917
0.049504 0.003857 0.025008 0.224608 0.016150 0.203308 0.022734 0.003852 0.028268 0.047469 0.005072 0.039678 0.082696 0.001375 0.023809 0.053412 0.002884 0.040338 0.007191 0.000209 0.002344 0.057908 0.001408 0.040631 0.004858 0.000796 0.010633
0.019241 0.001151 0.006300 0.722742 0.054095 0.082511 0.007485 0.001751 0.001762 0.021881 0.002161 0.003812 0.003546 0.000250 0.000280 0.017738 0.001819 0.014945 0.001800 0.000155 0.000486 0.019493 0.000703 0.010879 0.001858 0.000192 0.000964
0.052162 0.661711 0.116689 0.009813 0.039963 0.009177 0.003553 0.007974 0.003562 0.003578 0.010457 0.006299 0.000277 0.001734 0.000489 0.003244 0.032135 0.016059 0.000297 0.001708 0.000901 0.001877 0.007560 0.005528 0.000676 0.001689 0.000886
0.002551 0.071715 0.008785 0.003621 0.103753 0.004868 0.003269 0.068211 0.006567 0.013749 0.162035 0.012947 0.000805 0.047396 0.002821 0.007145 0.136792 0.011282 0.010921 0.215197 0.015749 0.005999 0.071420 0.005269 0.001588 0.004709 0.000834
0.008890 0.011600 0.123161 0.007107 0.002909 0.021685 0.041174 0.208557 0.516452 0.000320 0.000725 0.002317 0.000753 0.000994 0.002545 0.000288 0.000602 0.006713 0.000612 0.001920 0.005605 0.004550 0.003514 0.025525 0.000243 0.000234 0.001005
0.001296 0.000538 0.008983 0.009450 0.000770 0.016097 0.025722 0.021848 0.158965 0.027609 0.010144 0.287894 0.037428 0.040242 0.189422 0.003023 0.000951 0.013308 0.030033 0.019089 0.063024 0.005413 0.000957 0.005533 0.002587 0.000504 0.019169
0.000354 0.001493 0.002992 0.004021 0.011117 0.010875 0.002717 0.014389 0.007401 0.010474 0.054657 0.033154 0.008676 0.041965 0.024390 0.004652 0.020547 0.011039 0.045813 0.498874 0.132380 0.002878 0.016564 0.020639 0.002641 0.003052 0.012249
0.101289 0.098913 0.580977 0.022017 0.005784 0.060668 0.013622 0.015286 0.037677 0.002394 0.002640 0.009128 0.000935 0.000728 0.003262 0.002138 0.003053 0.010638 0.000277 0.001280 0.001481 0.002472 0.000862 0.019697 0.000594 0.000500 0.001690
0.000048 0.002741 0.001765 0.000119 0.001602 0.000960 0.000512 0.022186 0.004450 0.000374 0.017101 0.004787 0.000078 0.008863 0.001948 0.000161 0.004123 0.002478 0.020528 0.580456 0.316993 0.000113 0.003778 0.001497 0.000140 0.001219 0.000980
0.008478 0.106801 0.005030 0.017787 0.327486 0.011094 0.001065 0.010085 0.000950 0.002060 0.053152 0.001026 0.000801 0.006905 0.000868 0.013566 0.144155 0.010532 0.004912 0.049958 0.009927 0.043791 0.144631 0.015725 0.000644 0.008000 0.000570
0.160854 0.278397 0.198371 0.045627 0.011291 0.008047 0.060859 0.136471 0.072151 0.001870 0.006028 0.001986 0.000270 0.000507 0.000364 0.000984 0.003343 0.002097 0.000201 0.000766 0.000807 0.001533 0.003081 0.002646 0.000511 0.000786 0.000152
0.007300 0.003025 0.012425 0.004826 0.000326 0.005545 0.309676 0.041560 0.540605 0.004155 0.003253 0.010175 0.005671 0.009354 0.012247 0.001731 0.001174 0.003228 0.006096 0.002045 0.007674 0.002346 0.000823 0.001626 0.001534 0.000286 0.001296
0.000067 0.000652 0.000494 0.000344 0.000543 0.000637 0.000659 0.003653 0.002697 0.000136 0.002262 0.000643 0.000303 0.006132 0.001925 0.000248 0.001035 0.001582 0.047356 0.449092 0.469730 0.000496 0.004459 0.002395 0.000108 0.000762 0.001591
0.023313 0.229137 0.171784 0.016850 0.017268 0.180886 0.007812 0.031808 0.098487 0.002487 0.012638 0.039013 0.003614 0.003360 0.027392 0.008139 0.012369 0.023732 0.000926 0.007085 0.016207 0.007874 0.006004 0.044783 0.000556 0.001857 0.004616
0.008086 0.122340 0.156806 0.001642 0.000337 0.011766 0.009980 0.064645 0.534928 0.001001 0.009537 0.033836 0.000471 0.001159 0.017382 0.000349 0.001393 0.003339 0.000440 0.007742 0.009145 0.000137 0.000253 0.000864 0.000209 0.000798 0.001417
0.145921 0.004350 0.016826 0.408084 0.006895 0.018632 0.027774 0.016290 0.018908 0.200501 0.008529 0.018856 0.003114 0.000900 0.003191 0.057523 0.004532 0.010903 0.003890 0.000849 0.000811 0.015189 0.000075 0.001560 0.005138 0.000163 0.000596
0.035004 0.014149 0.012597 0.008037 0.001094 0.000839 0.439090 0.145763 0.099924 0.034589 0.016757 0.011375 0.014545 0.040263 0.012172 0.019459 0.020837 0.002242 0.030460 0.013488 0.004345 0.004427 0.002569 0.001309 0.011960 0.001848 0.000859
0.090054 0.003397 0.019221 0.030146 0.000461 0.011485 0.246216 0.011935 0.216265 0.015868 0.004321 0.029959 0.083063 0.007687 0.109346 0.035393 0.003326 0.016939 0.017629 0.000983 0.004999 0.023807 0.000304 0.003123 0.006999 0.000864 0.006211
0.077144 0.107537 0.014319 0.049424 0.140415 0.007140 0.007964 0.019421 0.002486 0.008544 0.034896 0.004504 0.015260 0.012847 0.003767 0.033318 0.083018 0.006103 0.002461 0.014308 0.001486 0.128440 0.193516 0.019320 0.003188 0.008045 0.001132
0.000340 0.006446 0.001108 0.006169 0.173965 0.014624 0.000553 0.006713 0.003554 0.000287 0.019725 0.001144 0.004255 0.044893 0.007524 0.001626 0.049707 0.006769 0.019173 0.230763 0.071982 0.015953 0.202631 0.097377 0.000551 0.008689 0.003479
0.157187 0.001177 0.010113 0.413813 0.010110 0.041292 0.043599 0.002953 0.006333 0.065416 0.001466 0.003184 0.019818 0.000371 0.002126 0.105078 0.002082 0.014125 0.011629 0.000112 0.001241 0.067244 0.000459 0.007893 0.009186 0.000412 0.001580
0.246738 0.478265 0.117860 0.036271 0.047144 0.010290 0.007215 0.010541 0.004399 0.002900 0.006816 0.002276 0.000294 0.000350 0.000262 0.001813 0.010024 0.002526 0.000064 0.000439 0.000245 0.003563 0.005072 0.002374 0.000523 0.001437 0.000300
0.000333 0.021121 0.006167 0.000594 0.003735 0.006171 0.001010 0.019696 0.021794 0.000018 0.000942 0.000665 0.000606 0.032151 0.010447 0.000127 0.004057 0.005541 0.012715 0.375009 0.424346 0.001095 0.026100 0.016697 0.000161 0.001985 0.006719
0.047546 0.078967 0.617304 0.011667 0.003810 0.076474 0.004807 0.010814 0.055571 0.003696 0.004610 0.054479 0.000253 0.000239 0.003726 0.000966 0.001222 0.008667 0.000120 0.001913 0.004778 0.000744 0.000356 0.005121 0.000268 0.000193 0.001692
0.115954 0.048367 0.457587 0.031187 0.010090 0.182319 0.012580 0.011167 0.059758 0.001950 0.003205 0.019728 0.000783 0.000331 0.002936 0.001502 0.002800 0.017607 0.000146 0.000730 0.002939 0.002665 0.000614 0.010693 0.000302 0.000113 0.001949
0.270473 0.021336 0.059827 0.200598 0.016812 0.038201 0.053683 0.014855 0.013919 0.092775 0.010110 0.011393 0.006732 0.001028 0.003600 0.081824 0.009834 0.022236 0.002311 0.000465 0.000909 0.053482 0.001095 0.006590 0.004886 0.000345 0.000680
0.026794 0.126201 0.522500 0.001381 0.001402 0.010183 0.002122 0.005527 0.022246 0.002092 0.002436 0.028705 0.002244 0.017310 0.090916 0.002799 0.004559 0.035254 0.001141 0.005609 0.024909 0.004427 0.003283 0.044890 0.001125 0.000860 0.009086
0.061155 0.011071 0.008520 0.044440 0.007939 0.002894 0.026386 0.004534 0.002093 0.622096 0.056806 0.031478 0.001181 0.000684 0.000639 0.068170 0.020685 0.008240 0.002145 0.000419 0.000296 0.007468 0.000294 0.000498 0.009298 0.000311 0.000258
0.003342 0.064830 0.005984 0.003407 0.009667 0.001514 0.006015 0.026686 0.006969 0.000841 0.008891 0.002658 0.050468 0.449289 0.088299 0.003005 0.046596 0.002810 0.004430 0.016505 0.005942 0.018709 0.145232 0.018852 0.001138 0.003445 0.004478
0.003904 0.016161 0.008765 0.004219 0.002782 0.002761 0.080787 0.613119 0.151224 0.002147 0.020417 0.005096 0.002544 0.007513 0.006963 0.000747 0.007521 0.002354 0.003906 0.037681 0.009778 0.001265 0.003330 0.000947 0.001444 0.001790 0.000833
0.034907 0.185930 0.050096 0.062936 0.409749 0.109743 0.002854 0.022649 0.009805 0.002836 0.023111 0.005828 0.000553 0.000366 0.000301 0.003541 0.013622 0.006923 0.000152 0.003782 0.001277 0.009212 0.022884 0.014242 0.000239 0.001995 0.000467
0.002013 0.104595 0.002179 0.001685 0.067303 0.000862 0.000415 0.013517 0.000633 0.000347 0.010290 0.000432 0.000590 0.012217 0.000654 0.001323 0.032447 0.001821 0.001365 0.072633 0.004401 0.012372 0.641469 0.009932 0.000226 0.003998 0.000280
0.000723 0.003388 0.000397 0.000251 0.000476 0.000045 0.007805 0.044287 0.002451 0.000564 0.002397 0.000103 0.011661 0.103099 0.013087 0.002535 0.011434 0.000806 0.323190 0.370352 0.071038 0.003791 0.014796 0.000944 0.001630 0.007722 0.001027
0.053867 0.059466 0.086539 0.010465 0.002227 0.009887 0.130248 0.167942 0.171742 0.036328 0.074458 0.044727 0.006981 0.010120 0.025533 0.022428 0.014500 0.008142 0.007231 0.018977 0.011609 0.009414 0.001494 0.001427 0.005776 0.005111 0.003362
0.000914 0.002365 0.017383 0.019355 0.053138 0.481244 0.001798 0.013690 0.043982 0.003255 0.053414 0.073951 0.000458 0.001055 0.002529 0.000873 0.002843 0.027388 0.002555 0.057063 0.083700 0.010150 0.004505 0.036174 0.000187 0.000471 0.005561
0.070338 0.000812 0.010680 0.077657 0.001388 0.039154 0.405973 0.014977 0.043495 0.041270 0.001903 0.012036 0.024978 0.000768 0.005475 0.043683 0.001615 0.019818 0.020667 0.000412 0.002545 0.142581 0.000436 0.008225 0.006679 0.000326 0.002109
0.002488 0.010114 0.041471 0.032613 0.038518 0.555152 0.000605 0.001994 0.016431 0.004079 0.014102 0.163020 0.001009 0.000756 0.004755 0.003814 0.003081 0.040458 0.000582 0.002119 0.012559 0.003304 0.000834 0.041269 0.000212 0.000176 0.004487
0.010166 0.369318 0.027728 0.011726 0.369968 0.045732 0.000405 0.004618 0.001085 0.001354 0.024456 0.006447 0.000050 0.000371 0.000136 0.003807 0.079517 0.018982 0.000142 0.003004 0.000952 0.002236 0.010244 0.004683 0.000152 0.002415 0.000304
0.006044 0.012204 0.066705 0.004518 0.002482 0.058460 0.004471 0.006494 0.082471 0.001742 0.002174 0.058509 0.004271 0.032973 0.086874 0.003381 0.002221 0.058432 0.012133 0.022130 0.265554 0.015474 0.005393 0.158798 0.000910 0.000501 0.024681
0.004523 0.024387 0.015931 0.057770 0.566471 0.123433 0.002816 0.020447 0.009273 0.007319 0.071151 0.019407 0.000190 0.000485 0.000331 0.002539 0.026385 0.014715 0.000412 0.008947 0.002530 0.003893 0.008658 0.006592 0.000327 0.000741 0.000325
0.000976 0.026912 0.000656 0.002271 0.039068 0.000859 0.001161 0.026435 0.001323 0.001635 0.073193 0.001492 0.000307 0.011831 0.000386 0.004166 0.073407 0.003053 0.022137 0.621317 0.020658 0.004953 0.055487 0.000831 0.000486 0.004815 0.000187
0.088994 0.689910 0.137072 0.006354 0.011349 0.003380 0.004943 0.031362 0.007577 0.000474 0.002029 0.000691 0.000065 0.000297 0.000142 0.000540 0.006693 0.001694 0.000034 0.000929 0.000285 0.000912 0.002412 0.001115 0.000204 0.000477 0.000065
0.003349 0.005416 0.105074 0.005683 0.001774 0.100291 0.007749 0.011802 0.556001 0.000691 0.001801 0.062429 0.000694 0.001410 0.011494 0.000348 0.000514 0.041353 0.001516 0.002832 0.048079 0.002039 0.000362 0.020803 0.000212 0.000081 0.006205
0.005884 0.002915 0.013132 0.016900 0.003807 0.025880 0.003311 0.003756 0.006711 0.001370 0.001242 0.011481 0.171077 0.036367 0.201357 0.009008 0.001869 0.025176 0.017773 0.008902 0.036072 0.125694 0.020038 0.201352 0.001768 0.001162 0.045995
0.046693 0.189939 0.319089 0.007964 0.002924 0.025289 0.026167 0.052594 0.159914 0.006746 0.010130 0.078737 0.002819 0.001948 0.022372 0.002342 0.002850 0.017415 0.000593 0.001980 0.004111 0.002555 0.001495 0.005970 0.001409 0.000758 0.005200
0.002316 0.002862 0.007649 0.012225 0.020891 0.015214 0.002455 0.007082 0.011737 0.160732 0.440223 0.261276 0.000328 0.000699 0.001542 0.007126 0.006114 0.014197 0.003408 0.011115 0.005035 0.002075 0.000309 0.001486 0.001014 0.000381 0.000506
0.001780 0.005923 0.001663 0.001160 0.011463 0.001640 0.005155 0.036027 0.005932 0.028024 0.740958 0.027982 0.000296 0.002077 0.000405 0.009330 0.041166 0.003866 0.009599 0.054671 0.004214 0.001265 0.002273 0.000265 0.000764 0.001940 0.000160
0.117081 0.094471 0.057601 0.007915 0.004551 0.003763 0.162927 0.340089 0.118190 0.002519 0.005661 0.003855 0.005886 0.010659 0.007237 0.003352 0.009255 0.004389 0.002253 0.004395 0.001501 0.011009 0.012314 0.003903 0.002055 0.002477 0.000692
0.138939 0.013705 0.461950 0.044840 0.008092 0.108377 0.006520 0.008719 0.033454 0.020174 0.006461 0.116511 0.000332 0.000082 0.001220 0.003370 0.000795 0.018679 0.000103 0.000211 0.000868 0.001419 0.000071 0.003511 0.000572 0.000130 0.000894
0.159712 0.002022 0.015293 0.396221 0.006957 0.019203 0.014267 0.001652 0.003151 0.034056 0.001994 0.004350 0.015883 0.000896 0.003267 0.193052 0.004693 0.015032 0.010107 0.000217 0.000471 0.077618 0.000462 0.009353 0.008488 0.000243 0.001338
0.006993 0.003094 0.012200 0.030388 0.002247 0.004517 0.124515 0.464361 0.270575 0.008702 0.004277 0.005003 0.002758 0.002707 0.002140 0.001835 0.003662 0.001869 0.019102 0.017376 0.005332 0.000783 0.000369 0.001731 0.001876 0.000404 0.001184
0.028612 0.057981 0.205735 0.047737 0.016086 0.387382 0.001231 0.004345 0.021972 0.001055 0.003694 0.023196 0.004924 0.001278 0.029384 0.005220 0.002648 0.043751 0.001732 0.005790 0.019042 0.004446 0.001349 0.071148 0.000244 0.000793 0.009223
0.079852 0.001929 0.007139 0.153978 0.003555 0.012314 0.152441 0.012634 0.012701 0.068621 0.002691 0.002784 0.019308 0.000891 0.002214 0.260716 0.007284 0.030348 0.078709 0.001294 0.002442 0.054255 0.000525 0.007544 0.020372 0.000836 0.002622
0.002974 0.387873 0.053414 0.003072 0.040332 0.008350 0.004583 0.088931 0.030904 0.000951 0.022185 0.008385 0.001211 0.025326 0.004960 0.000983 0.039326 0.009751 0.002453 0.122581 0.027697 0.001425 0.076237 0.029107 0.000448 0.003555 0.002986
0.004228 0.358155 0.015152 0.003526 0.078095 0.004658 0.004502 0.100265 0.016906 0.002062 0.058008 0.004653 0.000986 0.028022 0.002732 0.001363 0.153045 0.011265 0.001538 0.084927 0.008663 0.003000 0.042980 0.006649 0.000467 0.003587 0.000566
0.001046 0.121577 0.004849 0.000996 0.038566 0.002183 0.000525 0.035149 0.004577 0.001256 0.050131 0.003251 0.000404 0.021015 0.002203 0.001005 0.057939 0.005049 0.003114 0.577810 0.025109 0.001334 0.033225 0.004176 0.000236 0.002863 0.000409
0.005605 0.002680 0.006928 0.006734 0.002621 0.006416 0.003625 0.002732 0.009493 0.516575 0.081537 0.254321 0.001079 0.001409 0.002028 0.052168 0.014805 0.015943 0.003365 0.001229 0.000981 0.003159 0.000053 0.000607 0.002963 0.000321 0.000621
0.004374 0.028996 0.006517 0.003178 0.001638 0.000962 0.058487 0.793298 0.073255 0.000802 0.001379 0.000588 0.000504 0.002387 0.000321 0.000386 0.004175 0.000766 0.001604 0.007277 0.001227 0.001166 0.004797 0.000702 0.000412 0.000651 0.000150
0.042161 0.006312 0.005136 0.112235 0.009528 0.004357 0.123221 0.014457 0.017282 0.024069 0.007056 0.002585 0.086982 0.040798 0.008670 0.060114 0.032760 0.016033 0.113532 0.009872 0.007363 0.219041 0.014166 0.009481 0.008185 0.001735 0.002869
0.001636 0.067568 0.003500 0.006648 0.202919 0.004656 0.002485 0.045449 0.005251 0.008862 0.274812 0.006067 0.001845 0.012433 0.000907 0.006964 0.196893 0.003987 0.002363 0.078059 0.002642 0.002362 0.051638 0.003041 0.001156 0.005573 0.000283
0.002084 0.020984 0.014977 0.014564 0.031552 0.114202 0.000598 0.005484 0.018582 0.002796 0.015269 0.048522 0.012707 0.044295 0.047336 0.005484 0.017690 0.038861 0.010832 0.058889 0.125482 0.019605 0.023211 0.286232 0.000560 0.002307 0.016894
0.000411 0.027420 0.002241 0.006009 0.260946 0.006729 0.000880 0.067586 0.003396 0.000502 0.027114 0.001436 0.000430 0.003952 0.000230 0.000588 0.035883 0.003204 0.001783 0.131281 0.007612 0.005268 0.386146 0.015069 0.000233 0.003308 0.000341
0.009880 0.000187 0.001247 0.158446 0.003033 0.010534 0.143771 0.005502 0.015330 0.141444 0.005550 0.008342 0.022810 0.001713 0.001172 0.101523 0.005570 0.016599 0.172341 0.000709 0.003030 0.150836 0.000587 0.003413 0.014310 0.000764 0.001356
0.012943 0.060181 0.019136 0.090947 0.160584 0.076063 0.002692 0.006120 0.008741 0.005893 0.020630 0.015335 0.060035 0.024970 0.024628 0.019919 0.039462 0.027447 0.010260 0.015507 0.012449 0.023738 0.047273 0.186813 0.001539 0.006092 0.020601
0.072498 0.396177 0.029071 0.069222 0.264970 0.024777 0.003936 0.010750 0.003617 0.003706 0.018349 0.002764 0.000717 0.000481 0.000125 0.007618 0.032956 0.005357 0.000305 0.001549 0.000407 0.009153 0.029191 0.006557 0.000542 0.004674 0.000533
0.016533 0.157802 0.006221 0.057558 0.510337 0.018311 0.006312 0.025308 0.005981 0.001215 0.019128 0.001046 0.000501 0.000753 0.000069 0.002144 0.045226 0.003894 0.000398 0.003319 0.000581 0.009959 0.097539 0.007004 0.000217 0.002451 0.000192
0.124251 0.068478 0.725832 0.015306 0.003983 0.019881 0.003166 0.007573 0.010888 0.001467 0.001114 0.003486 0.000356 0.000145 0.000694 0.000852 0.000802 0.004753 0.000048 0.000410 0.000380 0.000781 0.000390 0.003970 0.000109 0.000186 0.000698
0.130611 0.060392 0.348939 0.035681 0.009768 0.098844 0.014387 0.007724 0.076534 0.002798 0.003380 0.015562 0.009692 0.003009 0.014256 0.005914 0.005703 0.029610 0.001055 0.001763 0.006554 0.013605 0.005670 0.088572 0.000777 0.000364 0.008833
0.033929 0.004265 0.017817 0.069202 0.003450 0.017060 0.155222 0.028965 0.106996 0.254984 0.040051 0.061424 0.007687 0.002265 0.004960 0.071831 0.017718 0.038843 0.022617 0.002221 0.003953 0.014990 0.000396 0.004762 0.010652 0.000748 0.002991
0.005236 0.006413 0.008127 0.064875 0.056846 0.023217 0.006278 0.022331 0.008665 0.030968 0.074078 0.017662 0.010037 0.030599 0.004983 0.111783 0.051048 0.023836 0.100013 0.130634 0.028470 0.079530 0.029201 0.063828 0.004270 0.002661 0.004413
0.000022 0.000579 0.000141 0.000158 0.000699 0.000307 0.000525 0.007356 0.001906 0.000055 0.001635 0.000140 0.000511 0.011794 0.001166 0.000331 0.005740 0.001233 0.089756 0.598274 0.267565 0.000239 0.004110 0.003575 0.000205 0.000902 0.001076
0.004468 0.008032 0.033104 0.087954 0.015200 0.687945 0.001105 0.002119 0.025014 0.000772 0.002006 0.012121 0.001018 0.000123 0.002562 0.002687 0.000622 0.022769 0.002281 0.003883 0.045118 0.001582 0.000366 0.029642 0.000134 0.000518 0.006854
0.002978 0.000412 0.002081 0.046235 0.000949 0.006715 0.248219 0.051429 0.028362 0.018767 0.002142 0.004666 0.038006 0.008528 0.020820 0.013921 0.000988 0.013714 0.406091 0.009615 0.035597 0.016551 0.001107 0.003316 0.005654 0.001079 0.012056
0.121466 0.132130 0.074277 0.028684 0.002994 0.010319 0.073488 0.025022 0.031200 0.039146 0.014038 0.031194 0.055853 0.017686 0.064782 0.083182 0.018721 0.037374 0.022750 0.008230 0.011592 0.046142 0.004702 0.011124 0.010188 0.004830 0.018885
0.301419 0.075628 0.456328 0.044664 0.005287 0.040782 0.012949 0.012166 0.017563 0.002262 0.001442 0.004084 0.000676 0.000086 0.000524 0.001834 0.001179 0.003511 0.000048 0.000211 0.000327 0.007961 0.001599 0.005795 0.000270 0.000192 0.001215
0.132137 0.008723 0.013360 0.118554 0.003610 0.002106 0.245258 0.019894 0.006646 0.184260 0.014062 0.003070 0.009758 0.002158 0.000863 0.103796 0.010847 0.005516 0.021354 0.001496 0.000562 0.074731 0.003162 0.001126 0.011606 0.000667 0.000678
0.066587 0.003187 0.017793 0.644059 0.019520 0.040039 0.014127 0.005136 0.005409 0.086499 0.005870 0.008683 0.001030 0.000097 0.000202 0.056881 0.001425 0.006043 0.000974 0.000092 0.000133 0.013440 0.000221 0.001015 0.001220 0.000120 0.000198
0.014789 0.295652 0.062986 0.004034 0.010512 0.001373 0.019496 0.172381 0.042202 0.018280 0.050924 0.026794 0.003300 0.083552 0.009570 0.012397 0.030272 0.008945 0.006399 0.032025 0.010579 0.006578 0.062357 0.005140 0.002771 0.004386 0.002308
0.205151 0.146333 0.204786 0.085441 0.049018 0.039761 0.010844 0.022465 0.021789 0.059957 0.050821 0.075973 0.000167 0.000120 0.000191 0.006177 0.005131 0.008971 0.000078 0.000389 0.000336 0.002488 0.000837 0.001105 0.000759 0.000485 0.000428
0.000972 0.011651 0.160176 0.001951 0.000562 0.055900 0.003791 0.037692 0.491236 0.000078 0.000347 0.009019 0.001107 0.004699 0.042122 0.000158 0.000267 0.013656 0.001627 0.011341 0.110264 0.000597 0.001466 0.024349 0.000078 0.000301 0.014594
0.004314 0.094646 0.004348 0.012283 0.489338 0.009989 0.001270 0.013261 0.001115 0.018182 0.198185 0.007617 0.000071 0.000414 0.000065 0.004206 0.109978 0.006129 0.000244 0.007031 0.000437 0.001668 0.012602 0.000961 0.000338 0.001208 0.000101
0.000050 0.017908 0.000286 0.000048 0.001509 0.000036 0.000085 0.041350 0.000460 0.000037 0.003042 0.000083 0.000028 0.005414 0.000183 0.000060 0.006477 0.000186 0.001577 0.884246 0.013999 0.000187 0.021151 0.000213 0.000028 0.001280 0.000076
0.007749 0.003869 0.002082 0.893541 0.037599 0.022256 0.001370 0.002231 0.000736 0.004128 0.000843 0.000270 0.000565 0.000051 0.000060 0.005225 0.000769 0.000930 0.000315 0.000192 0.000135 0.013152 0.000661 0.000894 0.000161 0.000164 0.000054
0.041473 0.356509 0.200092 0.026024 0.008387 0.006662 0.036099 0.095215 0.170471 0.004854 0.007361 0.007688 0.000664 0.003377 0.002244 0.002478 0.004152 0.004950 0.001165 0.003596 0.003690 0.001208 0.005350 0.002824 0.001295 0.001410 0.000763
0.019086 0.429419 0.110606 0.013160 0.058667 0.008965 0.012054 0.074695 0.038330 0.003656 0.016542 0.006991 0.002565 0.025151 0.006429 0.003044 0.029250 0.009972 0.001672 0.022683 0.007871 0.006863 0.075705 0.012428 0.000871 0.002130 0.001195
0.006639 0.144513 0.018819 0.032882 0.197652 0.024758 0.006323 0.061838 0.014855 0.000322 0.002868 0.000483 0.000535 0.002005 0.000262 0.000862 0.017131 0.007550 0.000956 0.014643 0.005334 0.036667 0.356019 0.043902 0.000176 0.001509 0.000497
0.011639 0.026021 0.304169 0.005194 0.000835 0.014018 0.016418 0.096633 0.446972 0.000530 0.000690 0.004384 0.001244 0.001667 0.018676 0.000613 0.000455 0.010414 0.001796 0.005200 0.015352 0.002335 0.001318 0.010476 0.000390 0.000539 0.002023
0.112372 0.017906 0.099836 0.092854 0.005364 0.016437 0.241262 0.074878 0.091297 0.107717 0.008699 0.019973 0.005207 0.000969 0.002906 0.035172 0.004640 0.017314 0.006162 0.001714 0.002716 0.022195 0.001105 0.004412 0.005332 0.000352 0.001208
0.008423 0.005808 0.027798 0.008223 0.000371 0.005190 0.279177 0.156041 0.482727 0.001487 0.000821 0.002407 0.000861 0.000692 0.001655 0.000831 0.000506 0.003481 0.004790 0.001687 0.002720 0.001841 0.000460 0.000512 0.000748 0.000254 0.000490
0.007266 0.006085 0.051851 0.005159 0.000398 0.018365 0.068467 0.037651 0.669546 0.001268 0.001906 0.023873 0.012284 0.001724 0.069937 0.001149 0.000456 0.006077 0.001296 0.000979 0.004465 0.001758 0.000417 0.003174 0.000537 0.000258 0.003654
0.002370 0.020062 0.007154 0.001104 0.001918 0.000374 0.009326 0.427907 0.024248 0.003638 0.020681 0.003700 0.000497 0.004587 0.001897 0.000593 0.005234 0.000657 0.007433 0.426005 0.019475 0.001190 0.006024 0.000482 0.000515 0.002281 0.000649
0.001333 0.016610 0.004366 0.043159 0.700874 0.027045 0.000619 0.011735 0.001791 0.000927 0.018994 0.000705 0.000457 0.001499 0.000184 0.001561 0.012093 0.003661 0.000778 0.013937 0.002062 0.024931 0.098495 0.010247 0.000120 0.001630 0.000188
0.011918 0.192608 0.015244 0.026725 0.435804 0.016703 0.001875 0.031513 0.002693 0.000360 0.002844 0.000440 0.000160 0.000483 0.000051 0.001451 0.015112 0.004480 0.000316 0.004046 0.001196 0.020926 0.190117 0.019191 0.000160 0.003419 0.000166
0.001350 0.005750 0.023385 0.017670 0.009837 0.312530 0.000575 0.001138 0.037083 0.015999 0.018553 0.484427 0.000287 0.000485 0.005743 0.004478 0.001367 0.044938 0.000585 0.000682 0.006535 0.000653 0.000089 0.004114 0.000163 0.000130 0.001455
0.010516 0.020957 0.017502 0.013712 0.002205 0.005340 0.221923 0.397922 0.281705 0.002036 0.001701 0.001474 0.000856 0.001713 0.000916 0.000936 0.002031 0.003075 0.002528 0.002045 0.002517 0.001517 0.002608 0.000677 0.000704 0.000556 0.000331
0.087790 0.213240 0.064303 0.107930 0.170103 0.019060 0.027973 0.021639 0.014307 0.015897 0.016236 0.004574 0.001623 0.002231 0.000445 0.022019 0.060265 0.036798 0.005870 0.007679 0.004055 0.045545 0.031077 0.012676 0.001936 0.003733 0.000996
0.372901 0.012138 0.225774 0.192940 0.006981 0.092962 0.027084 0.005662 0.014288 0.006780 0.000622 0.002457 0.001098 0.000102 0.000584 0.004491 0.000659 0.007867 0.000157 0.000067 0.000519 0.011759 0.000351 0.010877 0.000416 0.000066 0.000396
0.018810 0.032554 0.012497 0.046730 0.014838 0.001874 0.254376 0.246380 0.050258 0.101452 0.090933 0.007461 0.004500 0.015023 0.001185 0.015193 0.037740 0.004281 0.012513 0.008424 0.002037 0.006147 0.006537 0.000490 0.005889 0.001588 0.000291
0.000666 0.013774 0.024209 0.012891 0.030873 0.279053 0.000368 0.002299 0.041033 0.000579 0.006771 0.033504 0.003435 0.011929 0.032854 0.002190 0.005909 0.065655 0.007204 0.023221 0.171488 0.008114 0.010776 0.191859 0.000175 0.001214 0.017958
0.018593 0.337160 0.003852 0.011712 0.085443 0.000668 0.003126 0.037998 0.001126 0.003865 0.017841 0.000572 0.001899 0.009183 0.000549 0.014018 0.184331 0.004140 0.002390 0.022750 0.001233 0.023109 0.200645 0.002845 0.001648 0.009066 0.000234
0.017743 0.002661 0.008386 0.549205 0.035096 0.033537 0.032236 0.011087 0.011102 0.039854 0.007836 0.003171 0.049877 0.001801 0.007041 0.062017 0.006267 0.009463 0.015447 0.000736 0.000530 0.084775 0.002233 0.002906 0.003376 0.000978 0.000639
0.049116 0.003190 0.023128 0.419335 0.033720 0.051357 0.068225 0.016118 0.025736 0.129994 0.013546 0.021504 0.008713 0.000850 0.001571 0.065444 0.005752 0.022171 0.009886 0.000377 0.000544 0.019696 0.000633 0.003473 0.004708 0.000387 0.000826
0.010836 0.098620 0.600219 0.005697 0.008058 0.076003 0.001048 0.003968 0.030827 0.002841 0.004731 0.056939 0.000949 0.001730 0.016528 0.001845 0.001881 0.026346 0.000564 0.003430 0.010256 0.001541 0.001939 0.027952 0.000227 0.000329 0.004696
0.004698 0.054818 0.053909 0.001520 0.000698 0.001732 0.019667 0.433727 0.167715 0.004968 0.012251 0.012082 0.000406 0.006508 0.008127 0.000821 0.003733 0.002124 0.007399 0.162568 0.035329 0.000411 0.000875 0.000506 0.000757 0.001287 0.001364
0.009944 0.003265 0.011922 0.237201 0.066969 0.074210 0.017074 0.034720 0.014213 0.005876 0.012999 0.004089 0.012262 0.007473 0.005647 0.015696 0.013235 0.018979 0.044565 0.026648 0.021239 0.280453 0.018473 0.036627 0.001521 0.001813 0.002887
0.000028 0.001879 0.000127 0.000173 0.003306 0.000299 0.000108 0.003805 0.000525 0.000015 0.001266 0.000046 0.000298 0.007535 0.000478 0.000124 0.005637 0.000622 0.016458 0.834883 0.075214 0.000699 0.038782 0.005741 0.000067 0.001362 0.000523
0.019418 0.139088 0.008136 0.073737 0.551833 0.036273 0.003626 0.030668 0.004780 0.010409 0.045313 0.003868 0.000167 0.000404 0.000085 0.003700 0.032026 0.004578 0.000159 0.002306 0.000814 0.003569 0.016253 0.005810 0.000441 0.002397 0.000142
0.000536 0.015037 0.000703 0.002600 0.099749 0.002410 0.000479 0.011575 0.001228 0.004414 0.199242 0.005766 0.000361 0.021240 0.001236 0.004649 0.083402 0.005222 0.014039 0.380745 0.030468 0.011190 0.092782 0.005161 0.000553 0.004930 0.000281
0.344904 0.031515 0.024277 0.084444 0.031043 0.015972 0.039363 0.012802 0.004739 0.024008 0.003429 0.001621 0.009031 0.002655 0.001200 0.065610 0.015030 0.010253 0.003102 0.000366 0.000484 0.239630 0.007037 0.021892 0.004001 0.001084 0.000508
0.002649 0.027431 0.001840 0.021139 0.712632 0.006519 0.000867 0.007505 0.000905 0.000757 0.013176 0.000378 0.000180 0.001161 0.000046 0.002072 0.033606 0.002257 0.000613 0.003415 0.000647 0.013480 0.138004 0.007275 0.000270 0.001106 0.000070
0.124557 0.002959 0.034888 0.031759 0.001177 0.015181 0.352794 0.046634 0.125571 0.003094 0.000690 0.002111 0.059320 0.003690 0.069179 0.006893 0.000590 0.006796 0.008209 0.000398 0.002401 0.077103 0.002560 0.016012 0.002294 0.000633 0.002506
0.004558 0.258863 0.033507 0.001860 0.021720 0.002134 0.004180 0.389564 0.015227 0.000564 0.013927 0.001375 0.000311 0.003633 0.001624 0.000209 0.012552 0.001414 0.000647 0.171130 0.006790 0.002158 0.044650 0.001734 0.000214 0.004819 0.000637
0.069947 0.010019 0.062214 0.041991 0.004537 0.029643 0.075169 0.042765 0.128504 0.186254 0.042512 0.084414 0.016178 0.008295 0.038126 0.031924 0.007421 0.026934 0.007303 0.005007 0.006694 0.059755 0.001042 0.004912 0.005497 0.000396 0.002546
0.024910 0.001638 0.004046 0.814663 0.050519 0.048672 0.003514 0.002741 0.001130 0.009893 0.001717 0.000827 0.000621 0.000070 0.000066 0.009186 0.001194 0.002161 0.000309 0.000107 0.000105 0.018189 0.000624 0.002580 0.000377 0.000075 0.000066
0.114442 0.002981 0.024522 0.410135 0.016351 0.208648 0.014423 0.002225 0.009446 0.015725 0.002659 0.007831 0.003214 0.000764 0.002301 0.060919 0.001997 0.018159 0.002679 0.000323 0.001257 0.060257 0.001101 0.015092 0.001380 0.000127 0.001043
0.041488 0.002726 0.005578 0.037363 0.001286 0.002669 0.583308 0.034471 0.051155 0.084780 0.005726 0.007586 0.007823 0.005673 0.003856 0.049903 0.005420 0.005478 0.042232 0.001067 0.001437 0.008404 0.000696 0.000573 0.008394 0.000331 0.000576
0.016048 0.238154 0.086213 0.008720 0.009491 0.008457 0.032772 0.477931 0.086538 0.000369 0.002186 0.000991 0.000139 0.000864 0.000240 0.000327 0.006695 0.001752 0.000303 0.010319 0.001622 0.000741 0.006316 0.001152 0.000290 0.001178 0.000193
0.058520 0.490566 0.028535 0.014881 0.048265 0.001407 0.017102 0.103530 0.010452 0.012726 0.035953 0.002438 0.001544 0.013924 0.001483 0.006670 0.078933 0.004040 0.001360 0.015070 0.001294 0.008041 0.037818 0.001813 0.001716 0.001756 0.000163
0.005660 0.249668 0.071329 0.002835 0.008942 0.005610 0.018481 0.378139 0.187676 0.000248 0.005701 0.001425 0.000170 0.003638 0.000863 0.000169 0.008240 0.003158 0.000478 0.022074 0.006092 0.000701 0.014012 0.002807 0.000231 0.001401 0.000252
0.025349 0.003662 0.002830 0.032176 0.001138 0.001006 0.662097 0.118326 0.048178 0.010978 0.002970 0.000518 0.004334 0.003687 0.000867 0.012116 0.007461 0.003240 0.031026 0.002946 0.001756 0.017580 0.001344 0.000458 0.003304 0.000415 0.000236
0.002463 0.009891 0.008223 0.000725 0.000266 0.001765 0.077448 0.077528 0.665713 0.003754 0.013938 0.028290 0.002444 0.021336 0.030978 0.000964 0.003181 0.002826 0.006087 0.016804 0.019756 0.000472 0.000774 0.000754 0.001342 0.000571 0.001704
0.022325 0.215125 0.088706 0.023002 0.109967 0.079900 0.006691 0.032051 0.029860 0.001129 0.009436 0.005120 0.001541 0.003114 0.002026 0.002451 0.017768 0.023529 0.001203 0.022003 0.013818 0.046837 0.126241 0.111673 0.000300 0.001767 0.002414
0.013127 0.029191 0.063007 0.020229 0.011642 0.106154 0.006428 0.014152 0.057667 0.001886 0.003329 0.015272 0.050051 0.025821 0.173980 0.008869 0.010558 0.097285 0.010469 0.012341 0.059748 0.035860 0.011515 0.134532 0.001169 0.001516 0.024201
0.508166 0.159915 0.207485 0.014661 0.003631 0.009647 0.018851 0.031644 0.023821 0.001977 0.001257 0.002231 0.000667 0.000249 0.000836 0.001954 0.001862 0.002348 0.000074 0.000336 0.000228 0.003996 0.001732 0.001518 0.000424 0.000201 0.000290
0.016737 0.034500 0.472439 0.006093 0.002432 0.120155 0.003389 0.003037 0.107556 0.001701 0.002347 0.060668 0.002049 0.002145 0.031429 0.001683 0.001529 0.056221 0.000812 0.002133 0.019369 0.001642 0.000774 0.039651 0.000271 0.000115 0.009123
0.110162 0.058786 0.685117 0.003528 0.000930 0.022214 0.003488 0.003075 0.021800 0.002125 0.000944 0.016795 0.001163 0.001307 0.013307 0.003629 0.001712 0.025033 0.000363 0.000909 0.002991 0.003276 0.000562 0.012229 0.000410 0.000151 0.003997
