0.011134 0.011236 0.093141 0.022749 0.007497 0.258224 0.010855 0.004534 0.064846 0.010076 0.006035 0.102447 0.016608 0.003361 0.066174 0.007358 0.002467 0.062191 0.003340 0.001494 0.025094 0.030235 0.004682 0.118599 0.002856 0.001801 0.050968
0.015886 0.001935 0.001293 0.063585 0.006115 0.003449 0.199320 0.023330 0.006069 0.234879 0.027938 0.008976 0.011408 0.001766 0.001095 0.207792 0.024675 0.016836 0.080114 0.001901 0.001388 0.021799 0.001473 0.001056 0.029499 0.004051 0.002373
0.004401 0.001940 0.001831 0.018769 0.007434 0.003420 0.005370 0.003274 0.003957 0.643402 0.199060 0.069828 0.000707 0.000416 0.000294 0.019481 0.006901 0.002765 0.000859 0.000473 0.000233 0.001446 0.000177 0.000130 0.002703 0.000447 0.000281
0.013844 0.006089 0.016930 0.004999 0.000372 0.005947 0.174311 0.021387 0.301795 0.015590 0.007787 0.068163 0.079990 0.049372 0.158414 0.008167 0.002951 0.012299 0.010525 0.002169 0.007232 0.005033 0.001087 0.002529 0.004938 0.001261 0.016819
0.003116 0.006304 0.004753 0.005195 0.003890 0.002917 0.013186 0.037557 0.027136 0.002456 0.010742 0.014503 0.109199 0.374855 0.319024 0.001501 0.007234 0.001857 0.002585 0.018212 0.007062 0.004124 0.011013 0.003898 0.001472 0.001837 0.004374
0.264483 0.312429 0.128127 0.029090 0.016529 0.021265 0.006940 0.007306 0.009661 0.001161 0.002690 0.004003 0.006553 0.004566 0.004675 0.010488 0.025953 0.016852 0.001000 0.005994 0.003990 0.043311 0.022225 0.032095 0.002758 0.007774 0.008083
0.004774 0.018581 0.020886 0.011069 0.002180 0.005484 0.136604 0.271274 0.396341 0.010629 0.044373 0.051427 0.002384 0.002308 0.004573 0.000741 0.003545 0.001753 0.000899 0.002693 0.002004 0.000377 0.000854 0.000499 0.001238 0.001706 0.000805
0.025395 0.003189 0.000748 0.035896 0.003506 0.000510 0.028407 0.006571 0.002713 0.578058 0.098552 0.020647 0.003241 0.001720 0.000418 0.129139 0.022887 0.002486 0.004411 0.000701 0.000183 0.016834 0.000501 0.000130 0.011619 0.001355 0.000183
0.014403 0.036169 0.012447 0.305091 0.283931 0.087921 0.006351 0.017215 0.011721 0.020320 0.041175 0.024306 0.002742 0.002677 0.000924 0.028795 0.034827 0.015011 0.001834 0.004122 0.002007 0.015099 0.012322 0.012475 0.001720 0.003430 0.000964
0.027918 0.004200 0.009047 0.516145 0.044583 0.062057 0.016312 0.005520 0.018773 0.075880 0.016726 0.061841 0.003669 0.001609 0.001555 0.066794 0.006957 0.024878 0.004585 0.000481 0.001327 0.016632 0.001194 0.006049 0.003959 0.000527 0.000782
0.066796 0.330164 0.025488 0.033952 0.023657 0.003367 0.074227 0.269287 0.036028 0.002401 0.004196 0.001641 0.004314 0.020792 0.002064 0.004348 0.027060 0.003326 0.000940 0.002469 0.001092 0.007318 0.044616 0.004181 0.002260 0.003622 0.000395
0.000134 0.003768 0.000366 0.000652 0.012948 0.000549 0.000599 0.006821 0.001191 0.000554 0.015313 0.000785 0.001515 0.111422 0.002143 0.000729 0.023373 0.001792 0.027624 0.372282 0.084162 0.014493 0.299820 0.008833 0.000659 0.006157 0.001314
0.005467 0.002792 0.011880 0.376317 0.060082 0.383064 0.002817 0.000640 0.013367 0.023337 0.009852 0.051989 0.002315 0.000393 0.002057 0.006509 0.001095 0.020215 0.001181 0.000354 0.004011 0.007068 0.000544 0.008947 0.000755 0.000408 0.002543
0.010420 0.054442 0.006536 0.041971 0.041867 0.006445 0.053888 0.236720 0.019411 0.005211 0.012544 0.001798 0.008215 0.027803 0.003433 0.018984 0.032383 0.016034 0.103039 0.124836 0.034469 0.012823 0.092775 0.008119 0.005031 0.018325 0.002476
0.002302 0.052055 0.006840 0.004580 0.013232 0.003865 0.010396 0.063239 0.031241 0.001634 0.011867 0.002716 0.011160 0.112105 0.026664 0.002528 0.018389 0.011103 0.055215 0.252028 0.140376 0.019532 0.110690 0.015735 0.001589 0.012915 0.006004
0.000250 0.014480 0.003457 0.003188 0.152968 0.015016 0.000278 0.006759 0.002366 0.000287 0.014213 0.001313 0.002355 0.011468 0.005519 0.001092 0.015357 0.011924 0.009996 0.169915 0.065594 0.024063 0.377126 0.076044 0.000337 0.009052 0.005585
0.000506 0.012464 0.000570 0.001926 0.033037 0.000763 0.001242 0.013887 0.000746 0.000631 0.014210 0.000184 0.007669 0.038114 0.005895 0.002883 0.056649 0.002046 0.062188 0.364712 0.031281 0.018787 0.287601 0.009384 0.001684 0.029595 0.001348
0.041286 0.200762 0.029398 0.036665 0.143343 0.012050 0.009259 0.038215 0.006262 0.035648 0.088738 0.010699 0.012009 0.013345 0.008069 0.040080 0.105962 0.011308 0.005563 0.016114 0.005358 0.035411 0.034475 0.013297 0.007983 0.035766 0.002934
0.072631 0.005756 0.013840 0.028963 0.000961 0.005387 0.544363 0.044878 0.070695 0.002232 0.000725 0.000637 0.085338 0.005595 0.023291 0.009658 0.001723 0.005234 0.017471 0.000736 0.002471 0.036101 0.003987 0.004677 0.006209 0.003090 0.003352
0.035942 0.079111 0.021771 0.015540 0.006537 0.003966 0.112982 0.113788 0.042286 0.002631 0.004719 0.002171 0.100024 0.043933 0.050375 0.010896 0.017209 0.007193 0.019074 0.018027 0.012304 0.107687 0.110688 0.025242 0.007497 0.015947 0.012461
0.085783 0.002760 0.007418 0.569847 0.010241 0.011758 0.036754 0.005424 0.005388 0.093939 0.002864 0.004208 0.040789 0.001170 0.005317 0.061255 0.002999 0.007901 0.004412 0.000190 0.000356 0.026357 0.000360 0.000866 0.009596 0.000574 0.001472
0.165271 0.171876 0.418932 0.048965 0.027227 0.050233 0.014124 0.007657 0.017124 0.012274 0.009181 0.022011 0.000967 0.000335 0.001363 0.006426 0.003732 0.010244 0.000340 0.000455 0.000810 0.002784 0.001161 0.002509 0.001008 0.001213 0.001778
0.119388 0.092114 0.029756 0.167728 0.111445 0.012303 0.045805 0.022815 0.004851 0.037851 0.026376 0.003198 0.011765 0.004316 0.002219 0.087035 0.077751 0.016691 0.006230 0.001905 0.000804 0.083514 0.014869 0.006992 0.008191 0.003478 0.000610
0.048542 0.112398 0.079603 0.051939 0.084013 0.038114 0.026312 0.033930 0.055975 0.087772 0.134377 0.112891 0.002001 0.002174 0.002600 0.025861 0.031356 0.034785 0.001590 0.001637 0.002208 0.014059 0.004212 0.005031 0.003610 0.001913 0.001096
0.027254 0.014164 0.051082 0.230661 0.043943 0.317750 0.004702 0.003782 0.021572 0.008394 0.010948 0.029943 0.027687 0.002402 0.037477 0.038876 0.006105 0.045654 0.002835 0.000600 0.002724 0.035440 0.002189 0.027444 0.001240 0.000677 0.004455
0.000506 0.018399 0.001949 0.000586 0.005706 0.000428 0.001728 0.105494 0.003554 0.000425 0.005630 0.000929 0.003229 0.062541 0.007930 0.000838 0.012554 0.001682 0.017571 0.648867 0.033211 0.001925 0.052950 0.003499 0.000631 0.005357 0.001879
0.003155 0.036037 0.005561 0.029559 0.459595 0.023824 0.012017 0.105430 0.013433 0.008369 0.132370 0.004841 0.001506 0.002161 0.000393 0.002692 0.068946 0.004973 0.000944 0.010958 0.001094 0.012354 0.051282 0.003491 0.000742 0.003991 0.000283
0.099084 0.054990 0.434289 0.046257 0.015530 0.131753 0.004214 0.005547 0.010753 0.005406 0.001430 0.009045 0.001966 0.000607 0.002176 0.006799 0.001056 0.023894 0.000841 0.001671 0.005035 0.026535 0.004138 0.100635 0.000742 0.000770 0.004838
0.483610 0.016069 0.041842 0.085722 0.004851 0.008088 0.035261 0.003384 0.003108 0.048413 0.003106 0.003521 0.012650 0.001046 0.002330 0.141464 0.007141 0.011519 0.003028 0.000281 0.000420 0.065379 0.000961 0.007566 0.007670 0.000439 0.001131
0.022093 0.048708 0.360184 0.010199 0.003450 0.029788 0.059378 0.052853 0.325160 0.003210 0.004670 0.021731 0.001249 0.001402 0.005175 0.001537 0.002313 0.019092 0.001741 0.002849 0.006815 0.002183 0.001180 0.008154 0.001080 0.000574 0.003231
0.016216 0.101247 0.166313 0.032624 0.103940 0.200000 0.003304 0.008091 0.034578 0.012979 0.055451 0.120444 0.000754 0.000656 0.002786 0.007658 0.023244 0.073493 0.000714 0.003051 0.005257 0.002500 0.001473 0.019162 0.000461 0.000761 0.002841
0.125911 0.010303 0.015137 0.012726 0.000579 0.002401 0.375422 0.029281 0.032644 0.002630 0.000654 0.000963 0.166844 0.012569 0.040844 0.036930 0.002772 0.006768 0.021225 0.000864 0.001525 0.076127 0.005229 0.006625 0.006390 0.002039 0.004596
0.008230 0.048074 0.042263 0.024605 0.096237 0.049062 0.004135 0.019825 0.014601 0.001868 0.010462 0.010268 0.010925 0.011955 0.009119 0.012463 0.017656 0.043868 0.013717 0.051799 0.040955 0.080594 0.172696 0.181674 0.001807 0.005052 0.016087
0.009955 0.039868 0.005125 0.006070 0.018590 0.000990 0.008448 0.037675 0.003999 0.072185 0.179056 0.018496 0.010182 0.073562 0.014771 0.087729 0.145142 0.016130 0.059836 0.097000 0.016322 0.026476 0.023876 0.003875 0.013023 0.009373 0.002245
0.000063 0.003754 0.000251 0.000263 0.001906 0.000253 0.000606 0.020287 0.001477 0.000034 0.001826 0.000055 0.001301 0.022792 0.001650 0.000196 0.009297 0.000445 0.024826 0.783445 0.063218 0.001166 0.053173 0.004199 0.000165 0.002710 0.000642
0.053035 0.084880 0.037379 0.085621 0.173627 0.066213 0.014576 0.047575 0.023145 0.064523 0.074156 0.039254 0.005242 0.003926 0.002138 0.035775 0.041657 0.013253 0.002006 0.008469 0.003344 0.057752 0.027297 0.025983 0.003316 0.004361 0.001497
0.002010 0.099203 0.002936 0.002370 0.029041 0.000909 0.002386 0.184288 0.005917 0.001856 0.062034 0.002411 0.001092 0.052741 0.002322 0.001382 0.068767 0.001967 0.003369 0.370400 0.016751 0.002368 0.075762 0.001742 0.000547 0.005117 0.000309
0.016090 0.002002 0.007502 0.036037 0.001802 0.011372 0.019955 0.011031 0.034663 0.002807 0.001367 0.002407 0.408790 0.012587 0.310226 0.009590 0.001304 0.003897 0.009852 0.001222 0.002645 0.073055 0.002913 0.010679 0.001891 0.000981 0.003331
0.090262 0.227694 0.139419 0.048949 0.120532 0.048178 0.005081 0.021653 0.012280 0.040095 0.056599 0.059337 0.003094 0.001810 0.004350 0.015870 0.026754 0.018678 0.001069 0.006846 0.002264 0.018681 0.011464 0.010476 0.001843 0.003710 0.003012
0.442790 0.005620 0.029205 0.077949 0.001568 0.004790 0.173885 0.012123 0.012184 0.083128 0.003763 0.003576 0.011638 0.000753 0.001759 0.062242 0.002767 0.004129 0.003865 0.000254 0.000272 0.053146 0.000646 0.001186 0.006130 0.000201 0.000431
0.000120 0.003148 0.001212 0.000280 0.008600 0.001278 0.000812 0.025426 0.002636 0.000990 0.052192 0.002947 0.000287 0.018581 0.001206 0.000886 0.025268 0.001246 0.018330 0.790660 0.036876 0.000206 0.004546 0.000649 0.000232 0.000979 0.000405
0.146444 0.029854 0.180331 0.162616 0.035423 0.303979 0.005802 0.017040 0.015320 0.004554 0.002675 0.004912 0.000678 0.000203 0.000704 0.020022 0.003460 0.035421 0.000953 0.001160 0.002755 0.006684 0.000327 0.016171 0.000542 0.000439 0.001530
0.100963 0.006325 0.019215 0.285036 0.017766 0.074299 0.018613 0.013158 0.010572 0.265849 0.021821 0.047279 0.000620 0.000136 0.000392 0.089709 0.006556 0.009816 0.001119 0.000535 0.000606 0.004113 0.000081 0.001055 0.003669 0.000300 0.000396
0.278324 0.189924 0.158973 0.037478 0.024176 0.026135 0.018930 0.012437 0.011643 0.034744 0.049791 0.063396 0.000546 0.000888 0.001116 0.031731 0.020710 0.020272 0.000730 0.001565 0.001410 0.006867 0.001206 0.002661 0.002479 0.001112 0.000755
0.206025 0.268962 0.281327 0.013761 0.015792 0.012003 0.028259 0.110425 0.026409 0.000764 0.001992 0.001500 0.000375 0.000900 0.000494 0.001205 0.007186 0.004967 0.000163 0.001266 0.000759 0.003238 0.007332 0.003328 0.000646 0.000609 0.000312
0.214778 0.053292 0.314842 0.033299 0.006943 0.070752 0.013870 0.005358 0.040387 0.005722 0.002715 0.018858 0.010884 0.004942 0.038376 0.021634 0.005844 0.067161 0.003977 0.001766 0.008462 0.017845 0.001470 0.029652 0.001378 0.000224 0.005569
0.000934 0.059403 0.010671 0.000359 0.002875 0.001226 0.002574 0.572363 0.017512 0.000150 0.003588 0.000553 0.000062 0.001952 0.000459 0.000101 0.006671 0.000517 0.001171 0.293451 0.014503 0.000222 0.005596 0.001026 0.000118 0.001661 0.000281
0.002767 0.023521 0.001980 0.001026 0.002065 0.000239 0.009316 0.164336 0.006114 0.000490 0.003699 0.000265 0.009804 0.161667 0.018925 0.006358 0.047460 0.003728 0.090510 0.319378 0.031220 0.026622 0.051547 0.003114 0.002458 0.009592 0.001800
0.114206 0.010045 0.364090 0.025559 0.003988 0.112458 0.014984 0.011657 0.111450 0.018787 0.005222 0.083163 0.006458 0.001058 0.022281 0.008322 0.000985 0.040585 0.001181 0.001299 0.006167 0.012996 0.000225 0.014605 0.001638 0.000375 0.006215
0.021104 0.000475 0.003473 0.021099 0.000128 0.001952 0.761113 0.036758 0.059134 0.010443 0.000424 0.001649 0.020964 0.001110 0.004387 0.007344 0.000390 0.003816 0.025701 0.000554 0.001766 0.008138 0.000127 0.000451 0.005073 0.000496 0.001929
0.001328 0.005498 0.006156 0.002138 0.007624 0.003110 0.015094 0.289368 0.046063 0.007166 0.163923 0.015103 0.000671 0.001946 0.000868 0.001284 0.007992 0.001646 0.008940 0.388830 0.016508 0.000622 0.003384 0.000429 0.000675 0.002615 0.001020
0.005471 0.106304 0.022056 0.001450 0.033239 0.019014 0.000533 0.006154 0.008731 0.004192 0.159686 0.074008 0.001597 0.011543 0.012248 0.013057 0.099613 0.096411 0.011711 0.202789 0.071215 0.002360 0.004351 0.014273 0.001230 0.008456 0.008310
0.061021 0.001200 0.005393 0.495495 0.006021 0.061973 0.043275 0.003075 0.013973 0.027244 0.002709 0.005057 0.022023 0.000533 0.004719 0.124641 0.003579 0.027944 0.028350 0.000438 0.001698 0.047691 0.000258 0.003948 0.004613 0.000382 0.002749
0.019866 0.048109 0.476073 0.012294 0.004440 0.046680 0.001918 0.002050 0.034226 0.012312 0.012468 0.281981 0.000418 0.000405 0.004688 0.002484 0.001781 0.023350 0.000478 0.001399 0.004334 0.000431 0.000072 0.003182 0.000333 0.000162 0.004067
0.045952 0.047316 0.041663 0.020320 0.002369 0.003555 0.281542 0.319171 0.144202 0.023506 0.018903 0.011166 0.002876 0.003147 0.003766 0.004438 0.011124 0.002158 0.002446 0.002829 0.000904 0.001407 0.001015 0.000541 0.002368 0.000713 0.000603
0.002800 0.057836 0.003457 0.017561 0.287056 0.008733 0.006137 0.055005 0.004997 0.000768 0.021222 0.000665 0.001591 0.005838 0.000208 0.002356 0.065011 0.004063 0.002344 0.034357 0.001863 0.023167 0.382852 0.007593 0.000298 0.001924 0.000299
0.131039 0.002907 0.023988 0.219772 0.004779 0.036977 0.095964 0.015525 0.026508 0.081196 0.002992 0.007031 0.015973 0.001244 0.003811 0.114602 0.002690 0.029813 0.030419 0.001256 0.003947 0.129998 0.000627 0.007892 0.007040 0.000399 0.001612
0.057669 0.012065 0.166097 0.083921 0.021988 0.288206 0.014422 0.014665 0.088279 0.030307 0.011374 0.144417 0.000824 0.000166 0.001151 0.012537 0.001780 0.033777 0.000460 0.000243 0.001819 0.003877 0.000215 0.007003 0.000861 0.000129 0.001748
0.097315 0.121579 0.050579 0.010692 0.003761 0.002094 0.072485 0.488068 0.037759 0.002418 0.001249 0.000846 0.003887 0.015925 0.003139 0.005642 0.007154 0.002667 0.004804 0.006210 0.002098 0.014898 0.033813 0.004663 0.002897 0.002551 0.000808
0.234463 0.044304 0.077889 0.057605 0.007710 0.011208 0.187454 0.046657 0.073984 0.133847 0.030646 0.036917 0.001042 0.000691 0.000665 0.019547 0.008880 0.011921 0.002259 0.000789 0.001142 0.003893 0.000469 0.000802 0.004365 0.000272 0.000578
0.005051 0.007513 0.000883 0.001204 0.002100 0.000097 0.014089 0.020728 0.000956 0.020808 0.023018 0.001012 0.004606 0.167731 0.002358 0.070199 0.091830 0.002960 0.344545 0.160874 0.009598 0.018289 0.017678 0.000702 0.007117 0.003107 0.000946
0.000264 0.014327 0.000966 0.001484 0.147309 0.002777 0.000389 0.014441 0.001047 0.000104 0.011666 0.000060 0.000484 0.007950 0.000262 0.000872 0.035097 0.000745 0.005947 0.220813 0.004130 0.007348 0.509909 0.007700 0.000118 0.003569 0.000221
0.014672 0.001724 0.010500 0.027408 0.002037 0.003999 0.511237 0.139484 0.223642 0.017226 0.005463 0.002668 0.005113 0.000848 0.001404 0.006143 0.002208 0.001661 0.012180 0.000882 0.000609 0.005204 0.000334 0.000487 0.002237 0.000409 0.000221
0.003803 0.005106 0.077697 0.027356 0.015073 0.683794 0.001301 0.001429 0.044788 0.001581 0.002197 0.040811 0.000684 0.000249 0.001777 0.002344 0.000602 0.041986 0.000763 0.000735 0.010831 0.001553 0.000326 0.028252 0.000138 0.000089 0.004733
0.005175 0.000231 0.001216 0.102784 0.001516 0.004373 0.595387 0.070362 0.022678 0.026395 0.002419 0.001446 0.010183 0.000716 0.000474 0.026138 0.001715 0.005254 0.091395 0.001041 0.001033 0.019923 0.000532 0.000622 0.006106 0.000402 0.000481
0.000768 0.007370 0.001788 0.001445 0.003773 0.000792 0.010212 0.145261 0.027520 0.018365 0.238659 0.021893 0.000385 0.002815 0.000500 0.003094 0.015896 0.001693 0.020588 0.448756 0.021255 0.000148 0.001841 0.000210 0.001835 0.002424 0.000715
0.468494 0.005294 0.019198 0.046450 0.000604 0.004067 0.254684 0.017913 0.021907 0.021860 0.001711 0.001999 0.014258 0.000767 0.002513 0.066355 0.002247 0.005542 0.005961 0.000598 0.000509 0.028189 0.000263 0.001500 0.006224 0.000271 0.000625
0.009497 0.000851 0.003392 0.011054 0.000240 0.001733 0.640122 0.044421 0.088641 0.003296 0.000940 0.002130 0.102697 0.009185 0.017064 0.005288 0.001169 0.002115 0.033633 0.001654 0.002589 0.008109 0.000773 0.001479 0.003966 0.000626 0.003333
0.351385 0.008180 0.017632 0.051156 0.000757 0.002269 0.320561 0.013405 0.011977 0.050369 0.003969 0.004295 0.030229 0.001520 0.002616 0.052883 0.003849 0.004565 0.006704 0.000453 0.000414 0.047247 0.000906 0.001757 0.008929 0.000454 0.001521
0.274326 0.146981 0.316510 0.032929 0.007486 0.023941 0.071868 0.027281 0.041102 0.002839 0.003286 0.005385 0.002620 0.000806 0.001199 0.005347 0.004338 0.010802 0.000833 0.001557 0.001478 0.005002 0.002847 0.005204 0.001039 0.000830 0.002162
0.012044 0.031871 0.016877 0.004311 0.000810 0.001288 0.109488 0.563886 0.215648 0.001410 0.004576 0.001504 0.000690 0.000945 0.000550 0.000532 0.002716 0.000856 0.004331 0.018610 0.002360 0.000553 0.001324 0.000277 0.000591 0.001512 0.000440
0.015581 0.049146 0.242576 0.011574 0.008612 0.202335 0.006624 0.008702 0.175110 0.001278 0.004442 0.041216 0.004110 0.003292 0.017949 0.002076 0.003545 0.064758 0.002571 0.013441 0.045047 0.002334 0.001934 0.058479 0.000245 0.000345 0.012678
0.001541 0.004190 0.003104 0.002070 0.003697 0.004476 0.001562 0.002889 0.001354 0.004544 0.006671 0.010858 0.056881 0.194254 0.121898 0.040112 0.034550 0.046694 0.121119 0.127232 0.092098 0.015812 0.010537 0.061841 0.003811 0.002938 0.023269
0.001695 0.026216 0.003517 0.001146 0.003909 0.002202 0.022926 0.248072 0.024489 0.001508 0.012105 0.003556 0.024076 0.082169 0.028199 0.005015 0.084093 0.011860 0.050963 0.257941 0.049865 0.001620 0.011537 0.010547 0.006416 0.017024 0.007335
0.000656 0.021652 0.001612 0.001042 0.027077 0.002881 0.000380 0.013787 0.002224 0.001153 0.073227 0.005121 0.002893 0.050126 0.007007 0.003374 0.084395 0.007684 0.008702 0.581437 0.035288 0.004907 0.044492 0.006175 0.000715 0.009678 0.002315
0.000251 0.003123 0.000087 0.000264 0.002374 0.000066 0.000833 0.018347 0.000373 0.000122 0.004434 0.000053 0.002936 0.035324 0.001373 0.001142 0.027947 0.000476 0.060173 0.710683 0.022534 0.003997 0.088092 0.001477 0.000685 0.012449 0.000386
0.006141 0.014681 0.120532 0.019713 0.017528 0.265330 0.001529 0.039533 0.060543 0.000287 0.001492 0.004257 0.009535 0.001788 0.038848 0.001837 0.001363 0.029471 0.003627 0.008477 0.044042 0.014794 0.004505 0.274999 0.000292 0.002700 0.012159
0.002279 0.033276 0.015743 0.001140 0.001851 0.002000 0.003769 0.472392 0.028715 0.000315 0.001874 0.001067 0.001124 0.005585 0.005904 0.000549 0.003048 0.001556 0.010852 0.347542 0.042498 0.000758 0.004429 0.002766 0.000320 0.006220 0.002429
0.076982 0.016939 0.118649 0.007075 0.000414 0.012984 0.075389 0.086771 0.466448 0.002603 0.003872 0.012578 0.009153 0.002518 0.062082 0.002827 0.001160 0.010085 0.002930 0.004603 0.008324 0.003397 0.000452 0.003730 0.002166 0.001170 0.004700
0.024141 0.171380 0.013246 0.009575 0.144830 0.007782 0.002745 0.009780 0.002512 0.027705 0.224224 0.021386 0.002020 0.003134 0.001585 0.045238 0.219437 0.016994 0.002216 0.015989 0.001459 0.006799 0.011924 0.004772 0.001996 0.006193 0.000937
0.000115 0.003348 0.000844 0.000242 0.001940 0.001252 0.001975 0.045748 0.009861 0.000105 0.006884 0.001172 0.001588 0.037792 0.006486 0.000503 0.007598 0.002296 0.048397 0.679420 0.115961 0.001433 0.016446 0.004376 0.000270 0.002367 0.001580
0.031373 0.028307 0.014541 0.007008 0.002741 0.001967 0.162679 0.301325 0.071256 0.019744 0.033359 0.009817 0.057422 0.066104 0.052959 0.019522 0.022005 0.003898 0.015314 0.022065 0.005170 0.028005 0.007042 0.001845 0.008994 0.003714 0.001824
0.010017 0.003295 0.002351 0.002440 0.003243 0.001052 0.016747 0.030370 0.013065 0.224349 0.545161 0.094944 0.000625 0.001031 0.000626 0.012957 0.019883 0.002562 0.002733 0.006499 0.000848 0.001214 0.000344 0.000068 0.002718 0.000677 0.000183
0.003224 0.002238 0.017536 0.107520 0.053481 0.558090 0.001211 0.002962 0.018528 0.015287 0.028084 0.171916 0.000270 0.000096 0.000501 0.002008 0.000590 0.008358 0.000146 0.000708 0.001149 0.001700 0.000246 0.003534 0.000107 0.000058 0.000454
0.013876 0.099395 0.006500 0.002507 0.004273 0.000339 0.023847 0.507633 0.017584 0.004399 0.016073 0.002341 0.003938 0.108676 0.007930 0.004021 0.020030 0.001872 0.010526 0.089630 0.010179 0.004254 0.031584 0.000922 0.001862 0.005248 0.000561
0.005650 0.008098 0.001196 0.012261 0.108345 0.003728 0.003509 0.006074 0.002033 0.167818 0.565874 0.034158 0.000263 0.001315 0.000136 0.009553 0.049127 0.003638 0.001563 0.005175 0.000393 0.004467 0.002889 0.000147 0.001314 0.001200 0.000078
0.000880 0.021888 0.001520 0.004872 0.152799 0.005839 0.001468 0.051886 0.004650 0.001014 0.096632 0.001613 0.000992 0.014537 0.000671 0.004041 0.113388 0.003573 0.016553 0.393045 0.012239 0.004555 0.083150 0.003586 0.000326 0.004017 0.000265
0.004319 0.003292 0.028437 0.003139 0.001064 0.031148 0.007387 0.012744 0.131236 0.000508 0.000865 0.010989 0.051773 0.019455 0.373540 0.001730 0.000606 0.022298 0.024621 0.010355 0.093872 0.032974 0.002703 0.096240 0.000642 0.001129 0.032935
0.069925 0.005412 0.008730 0.710786 0.053001 0.053370 0.006414 0.005080 0.002332 0.009874 0.001668 0.001456 0.002539 0.000132 0.000379 0.026723 0.002070 0.010565 0.002328 0.000594 0.000733 0.017340 0.000468 0.005641 0.001450 0.000345 0.000645
0.002408 0.250724 0.009559 0.002300 0.061586 0.001004 0.001362 0.319070 0.006079 0.000608 0.025916 0.000861 0.000178 0.005017 0.000239 0.000406 0.020307 0.000748 0.000491 0.169167 0.002806 0.000894 0.112394 0.000849 0.000249 0.004647 0.000131
0.037019 0.009815 0.022596 0.203243 0.036149 0.040077 0.008650 0.013143 0.008393 0.013589 0.003694 0.002383 0.023802 0.009773 0.006479 0.051529 0.005802 0.015202 0.023136 0.006252 0.005566 0.388572 0.019405 0.040544 0.002348 0.001411 0.001428
0.031410 0.572602 0.119109 0.007944 0.005752 0.004693 0.008300 0.127473 0.061747 0.001452 0.005377 0.003737 0.000447 0.003281 0.001988 0.001953 0.007304 0.003374 0.001232 0.008927 0.004817 0.001498 0.007673 0.003743 0.000687 0.002802 0.000677
0.003568 0.002481 0.021359 0.007627 0.001530 0.044663 0.014870 0.016191 0.293213 0.022872 0.024662 0.454696 0.002896 0.003842 0.038351 0.001934 0.002474 0.019546 0.001802 0.001759 0.010648 0.001121 0.000121 0.002859 0.001148 0.000091 0.003674
0.015312 0.049933 0.367135 0.004827 0.005107 0.145135 0.002307 0.008940 0.085683 0.002044 0.004188 0.097882 0.001915 0.002810 0.032379 0.001865 0.002958 0.051858 0.000716 0.005421 0.028050 0.003410 0.001455 0.069826 0.000246 0.000216 0.008382
0.001054 0.001760 0.000970 0.002082 0.004373 0.002059 0.004345 0.006893 0.000967 0.001032 0.002048 0.000597 0.002146 0.020633 0.001623 0.017318 0.029078 0.025455 0.477553 0.208593 0.126608 0.023095 0.015100 0.015561 0.001583 0.002538 0.004936
0.003397 0.002862 0.000242 0.003404 0.010836 0.000217 0.036567 0.022597 0.001306 0.020063 0.046787 0.000387 0.016821 0.045380 0.002007 0.114048 0.185073 0.001761 0.359897 0.046123 0.001658 0.028792 0.023327 0.000666 0.010939 0.014354 0.000491
0.050207 0.534748 0.088237 0.011663 0.057891 0.008880 0.010138 0.056200 0.020128 0.006075 0.055214 0.005642 0.001050 0.002483 0.000966 0.003220 0.052489 0.003471 0.000296 0.007880 0.000641 0.004482 0.008036 0.002845 0.000697 0.006041 0.000381
0.109075 0.027773 0.006100 0.060687 0.007904 0.001068 0.427140 0.093659 0.019614 0.029114 0.012655 0.000885 0.016278 0.014390 0.001273 0.032180 0.050283 0.002504 0.026259 0.006992 0.000806 0.034064 0.010236 0.000918 0.006089 0.001739 0.000315
0.009962 0.173846 0.015839 0.011385 0.349962 0.014505 0.002449 0.020734 0.006414 0.009881 0.278405 0.010769 0.000233 0.000919 0.000221 0.001492 0.064560 0.003283 0.000111 0.006497 0.000496 0.001192 0.014320 0.001383 0.000175 0.000898 0.000069
0.211859 0.016439 0.014195 0.066487 0.005684 0.006473 0.053288 0.008971 0.010570 0.154831 0.017947 0.014689 0.010010 0.002134 0.002616 0.300810 0.017325 0.013456 0.012897 0.000925 0.000659 0.046304 0.000925 0.002151 0.007284 0.000669 0.000403
0.002964 0.006166 0.044697 0.002256 0.000787 0.042729 0.005560 0.005184 0.209839 0.010123 0.014012 0.587686 0.000672 0.001552 0.013811 0.000907 0.001294 0.021351 0.000760 0.001846 0.015515 0.000477 0.000067 0.004587 0.000315 0.000068 0.004775
0.013659 0.037091 0.018607 0.005953 0.004967 0.006003 0.246077 0.338869 0.247652 0.005547 0.020862 0.006688 0.001305 0.004305 0.001913 0.001504 0.016807 0.004595 0.002338 0.005203 0.002680 0.001270 0.003022 0.001061 0.000937 0.000724 0.000363
0.021428 0.000207 0.002163 0.039216 0.000586 0.003640 0.033562 0.001742 0.010602 0.593815 0.011174 0.029091 0.004764 0.001271 0.001135 0.169863 0.003009 0.007458 0.015464 0.000423 0.000624 0.037887 0.000069 0.000401 0.009801 0.000106 0.000497
0.000762 0.017550 0.004890 0.003418 0.107741 0.010866 0.000532 0.008870 0.003022 0.000461 0.016707 0.002521 0.001385 0.021058 0.001205 0.002548 0.037116 0.004324 0.007694 0.237839 0.018766 0.008611 0.363439 0.114995 0.000285 0.002027 0.001367
0.132430 0.001097 0.011404 0.112950 0.003553 0.009057 0.223096 0.007370 0.016158 0.076010 0.003850 0.008417 0.137065 0.001721 0.008106 0.060540 0.002356 0.006210 0.013778 0.000153 0.000263 0.143454 0.001250 0.006375 0.011516 0.000503 0.001318
0.001133 0.001655 0.004559 0.017873 0.004487 0.005835 0.007519 0.008240 0.007742 0.001243 0.001830 0.002129 0.351078 0.128769 0.100600 0.010520 0.005557 0.002955 0.084091 0.054982 0.022543 0.054112 0.034278 0.061786 0.001759 0.003344 0.019378
0.337823 0.009512 0.028034 0.080438 0.001211 0.009875 0.223986 0.009419 0.026509 0.024728 0.002135 0.003890 0.096217 0.002536 0.010589 0.052053 0.002385 0.005264 0.010835 0.000508 0.000807 0.038568 0.001080 0.004446 0.011143 0.001161 0.004847
0.042213 0.720503 0.078751 0.010171 0.014770 0.003404 0.004630 0.030709 0.012685 0.004323 0.026563 0.008798 0.000658 0.001020 0.000895 0.002111 0.019434 0.001761 0.000146 0.005959 0.000473 0.001392 0.004564 0.000841 0.000506 0.002192 0.000528
0.011269 0.383201 0.061244 0.003444 0.004366 0.001869 0.008711 0.260378 0.046513 0.001432 0.023743 0.004167 0.000463 0.005267 0.002600 0.000633 0.014743 0.001734 0.001570 0.144771 0.007274 0.000552 0.004637 0.000561 0.000306 0.003856 0.000696
0.005893 0.018698 0.005777 0.007925 0.019406 0.005031 0.032826 0.137773 0.025227 0.002327 0.012792 0.002144 0.023185 0.224132 0.019224 0.007036 0.051605 0.007531 0.023361 0.100815 0.012421 0.070456 0.161065 0.016232 0.001925 0.003850 0.001344
0.034108 0.030366 0.009508 0.301854 0.223902 0.031104 0.006850 0.014365 0.005121 0.022722 0.020946 0.004119 0.011783 0.005119 0.001328 0.080061 0.064156 0.014496 0.005625 0.005059 0.001387 0.067998 0.021226 0.008432 0.003235 0.004521 0.000607
0.079747 0.025158 0.009994 0.044907 0.003977 0.001421 0.499989 0.180986 0.067113 0.010242 0.005235 0.002006 0.008663 0.008779 0.001727 0.009194 0.007437 0.001646 0.006726 0.001639 0.000819 0.009486 0.007362 0.001093 0.003376 0.001112 0.000166
0.001039 0.004802 0.022671 0.001842 0.000347 0.011094 0.015783 0.051455 0.848868 0.000067 0.000632 0.004396 0.000690 0.002007 0.006218 0.000084 0.000274 0.002628 0.000882 0.004124 0.014805 0.000366 0.000989 0.002774 0.000093 0.000194 0.000875
0.301137 0.001944 0.016907 0.211001 0.001155 0.007170 0.127062 0.006972 0.020508 0.028582 0.001385 0.005813 0.075106 0.000987 0.006031 0.024703 0.001080 0.005184 0.003634 0.000207 0.000612 0.136792 0.001523 0.005479 0.006481 0.000241 0.002306
0.021460 0.284033 0.028751 0.022067 0.137826 0.009421 0.017102 0.073946 0.021178 0.011185 0.108933 0.021413 0.002290 0.003704 0.000762 0.017384 0.111404 0.011371 0.002563 0.015648 0.002547 0.005479 0.047764 0.007915 0.002492 0.010289 0.001074
0.065997 0.010510 0.013883 0.411342 0.030367 0.027970 0.017347 0.004872 0.006848 0.050304 0.009195 0.012089 0.006104 0.001658 0.001307 0.205121 0.009065 0.037501 0.015315 0.001053 0.001671 0.046539 0.001659 0.006701 0.003634 0.001142 0.000802
0.056031 0.291571 0.036970 0.014301 0.013871 0.002766 0.083003 0.157426 0.070805 0.005220 0.012304 0.006097 0.005603 0.049176 0.004710 0.015668 0.034034 0.011871 0.014330 0.023657 0.011952 0.009214 0.047345 0.008046 0.004682 0.007741 0.001605
0.063230 0.006508 0.127538 0.148636 0.007000 0.315753 0.010183 0.003479 0.119855 0.008167 0.004100 0.075226 0.005689 0.000558 0.012425 0.003406 0.000944 0.031387 0.000549 0.000281 0.004975 0.009340 0.000408 0.036558 0.000492 0.000080 0.003234
0.027921 0.275386 0.168538 0.004844 0.003790 0.006719 0.010438 0.033988 0.121788 0.010417 0.026096 0.074383 0.006825 0.040688 0.078925 0.007654 0.020915 0.019560 0.002159 0.008370 0.014763 0.003657 0.006417 0.015121 0.001906 0.002725 0.006008
0.005669 0.001743 0.003062 0.014522 0.004575 0.001508 0.006785 0.008136 0.011651 0.524179 0.290134 0.090103 0.001005 0.002801 0.001366 0.010463 0.011061 0.002622 0.001355 0.001408 0.000370 0.001671 0.000169 0.000205 0.003156 0.000181 0.000102
0.002634 0.146064 0.039041 0.001221 0.002905 0.003738 0.016277 0.378329 0.246405 0.000989 0.024917 0.015791 0.000443 0.010430 0.003714 0.000323 0.012878 0.002419 0.001248 0.066876 0.013083 0.000217 0.005054 0.002181 0.000404 0.002019 0.000401
0.003738 0.013259 0.007964 0.011474 0.087090 0.034702 0.002131 0.009026 0.020576 0.044812 0.461845 0.219394 0.000131 0.001065 0.000625 0.003552 0.035582 0.024379 0.000793 0.008095 0.004147 0.001017 0.001110 0.002215 0.000405 0.000587 0.000284
0.416897 0.114954 0.137745 0.029276 0.005105 0.010044 0.061319 0.018035 0.048685 0.025766 0.015486 0.030176 0.001634 0.002750 0.003318 0.024007 0.014169 0.021834 0.002421 0.002007 0.002794 0.003838 0.000535 0.003198 0.002732 0.000671 0.000604
0.000524 0.005166 0.001823 0.000216 0.000655 0.000341 0.003111 0.028599 0.007887 0.001544 0.015305 0.004773 0.000613 0.060309 0.006230 0.001359 0.009978 0.002191 0.056261 0.669031 0.116803 0.000412 0.002925 0.001101 0.000631 0.001264 0.000947
0.065849 0.359879 0.357295 0.006406 0.006915 0.027190 0.006389 0.017978 0.029262 0.001892 0.006001 0.014181 0.000509 0.002921 0.003443 0.003646 0.021547 0.038001 0.000559 0.006349 0.005109 0.002366 0.001380 0.011703 0.000884 0.001087 0.001259
0.068200 0.006938 0.025824 0.418282 0.009047 0.157356 0.007895 0.003806 0.024008 0.009990 0.003647 0.021855 0.027288 0.002388 0.038363 0.058339 0.004929 0.030310 0.007734 0.001107 0.004032 0.037924 0.000625 0.020495 0.002973 0.000465 0.006179
0.007402 0.001883 0.000541 0.016029 0.005223 0.000450 0.041710 0.010169 0.001008 0.021238 0.008362 0.000840 0.051738 0.069117 0.006644 0.181151 0.069423 0.006169 0.409808 0.021178 0.001612 0.030110 0.010502 0.002060 0.020031 0.003898 0.001705
0.001983 0.054908 0.002247 0.026845 0.341075 0.013313 0.002092 0.010582 0.004068 0.005943 0.156185 0.003530 0.006355 0.011215 0.002276 0.009037 0.192512 0.007555 0.004975 0.041102 0.003849 0.004445 0.069802 0.007552 0.001532 0.012906 0.002116
0.060969 0.148049 0.128585 0.019764 0.005648 0.016661 0.016972 0.014626 0.055124 0.032959 0.032695 0.049238 0.031200 0.028612 0.136153 0.043284 0.021855 0.057599 0.019522 0.008943 0.017053 0.006486 0.001520 0.020387 0.005606 0.005032 0.015458
0.010907 0.005827 0.005036 0.015092 0.004929 0.002177 0.282466 0.416826 0.018322 0.004212 0.003179 0.000503 0.022800 0.034182 0.007600 0.009292 0.020726 0.002806 0.046716 0.033174 0.004311 0.018948 0.013296 0.004185 0.007265 0.003883 0.001338
0.041101 0.129116 0.316915 0.010827 0.008005 0.087700 0.008149 0.014409 0.104228 0.004100 0.010327 0.055985 0.005943 0.007838 0.061473 0.005009 0.008596 0.045735 0.001685 0.011354 0.017879 0.004216 0.001491 0.026161 0.001015 0.001143 0.009602
0.004768 0.046374 0.007089 0.001281 0.003611 0.000782 0.022508 0.284177 0.012997 0.002442 0.011219 0.001844 0.004593 0.081581 0.010254 0.005057 0.040931 0.003741 0.025224 0.350413 0.031785 0.005764 0.026651 0.004261 0.002432 0.006144 0.002078
0.006169 0.018238 0.163773 0.001812 0.000653 0.036262 0.008503 0.031166 0.453070 0.000366 0.001238 0.022311 0.002645 0.006706 0.075589 0.000642 0.000907 0.024815 0.002446 0.017505 0.076287 0.002335 0.001005 0.032111 0.000335 0.000454 0.012656
0.059908 0.023896 0.010349 0.059767 0.030535 0.007022 0.034902 0.026299 0.005753 0.330214 0.129833 0.030795 0.003473 0.002215 0.001177 0.113735 0.074412 0.017813 0.005134 0.003414 0.000762 0.014146 0.002000 0.002184 0.008365 0.001338 0.000558
0.014157 0.040079 0.139409 0.003747 0.003562 0.049402 0.004220 0.007614 0.049270 0.013175 0.025235 0.381844 0.001527 0.007832 0.023318 0.006694 0.006496 0.060339 0.004891 0.028158 0.066358 0.003585 0.001976 0.043728 0.001191 0.000978 0.011217
0.069178 0.789126 0.060254 0.001958 0.014634 0.002509 0.001700 0.006459 0.001524 0.000518 0.004442 0.001559 0.000097 0.000484 0.000153 0.001017 0.027928 0.003038 0.000030 0.001314 0.000231 0.001090 0.007969 0.001542 0.000202 0.000859 0.000185
0.027832 0.082336 0.089559 0.003187 0.001492 0.009992 0.009087 0.014702 0.061751 0.002558 0.004479 0.022221 0.009861 0.138905 0.253492 0.007671 0.013435 0.055777 0.014430 0.029700 0.083191 0.006407 0.004631 0.034059 0.002788 0.001264 0.015194
0.171214 0.259462 0.169009 0.026550 0.042168 0.040551 0.021032 0.042824 0.026178 0.007954 0.010206 0.015836 0.001659 0.002293 0.002033 0.010134 0.053222 0.024769 0.000356 0.002068 0.001768 0.019863 0.013812 0.030526 0.001805 0.001077 0.001632
0.003196 0.002733 0.000816 0.006459 0.003711 0.000588 0.069400 0.357745 0.011046 0.036851 0.107559 0.004213 0.000677 0.009637 0.000703 0.020841 0.026396 0.001882 0.137764 0.162220 0.019764 0.005548 0.004483 0.000297 0.003455 0.001833 0.000183
0.388494 0.029808 0.188521 0.034548 0.003071 0.028427 0.119996 0.018729 0.079574 0.009712 0.002447 0.009829 0.003759 0.001961 0.006192 0.017038 0.003306 0.025460 0.002234 0.000799 0.001865 0.014714 0.000336 0.005424 0.002084 0.000360 0.001312
0.008078 0.037589 0.005501 0.023077 0.078393 0.004115 0.053363 0.264558 0.010637 0.004467 0.027481 0.000874 0.003051 0.019119 0.000462 0.008759 0.078440 0.002755 0.014482 0.090221 0.004426 0.031891 0.217879 0.004303 0.002236 0.003445 0.000396
0.001907 0.004383 0.002054 0.000911 0.000897 0.000265 0.061760 0.723488 0.099169 0.001265 0.008899 0.000881 0.000665 0.011584 0.001355 0.000232 0.003211 0.000440 0.006722 0.056322 0.007248 0.000607 0.004073 0.000312 0.000722 0.000528 0.000102
0.026232 0.001432 0.011014 0.638713 0.014221 0.214101 0.006478 0.002218 0.015199 0.009603 0.002513 0.009030 0.005512 0.000164 0.001532 0.015713 0.000326 0.008700 0.001553 0.000205 0.001073 0.009969 0.000218 0.002979 0.000519 0.000121 0.000659
0.004767 0.000559 0.000971 0.014545 0.000477 0.000684 0.144116 0.033771 0.014241 0.015457 0.001312 0.001224 0.013555 0.008418 0.002332 0.015476 0.001204 0.004665 0.654231 0.025478 0.029249 0.002294 0.000878 0.001027 0.005598 0.001049 0.002422
0.002825 0.002251 0.005301 0.008772 0.000629 0.002904 0.221584 0.140080 0.151688 0.005947 0.003186 0.006489 0.164154 0.060436 0.106465 0.003084 0.001879 0.002184 0.031587 0.015677 0.030395 0.005897 0.006073 0.004816 0.004226 0.002833 0.008639
0.002004 0.009530 0.003877 0.037508 0.024745 0.015438 0.011333 0.043471 0.026728 0.001068 0.021384 0.008029 0.077668 0.060556 0.063815 0.002962 0.012482 0.007049 0.023813 0.214940 0.107543 0.023706 0.137389 0.025292 0.001755 0.014656 0.021258
0.146972 0.003012 0.012920 0.437896 0.005662 0.033183 0.053079 0.006011 0.011565 0.027499 0.000689 0.002952 0.030318 0.000848 0.003049 0.125768 0.001891 0.012782 0.009025 0.000292 0.002341 0.049335 0.000790 0.008844 0.009766 0.000958 0.002551
0.017635 0.080161 0.112203 0.049645 0.040862 0.096883 0.004301 0.010680 0.036953 0.054231 0.072815 0.367123 0.000811 0.000556 0.002010 0.009018 0.005897 0.015298 0.000311 0.001222 0.004054 0.002930 0.001853 0.008831 0.000995 0.000946 0.001775
0.007435 0.021708 0.010487 0.005998 0.000499 0.002360 0.231805 0.110546 0.141163 0.005304 0.005502 0.012508 0.044033 0.129495 0.135553 0.007377 0.007356 0.010312 0.033490 0.015272 0.032666 0.005237 0.004889 0.002835 0.004915 0.003997 0.007256
0.004132 0.009597 0.005959 0.096573 0.035111 0.033961 0.040085 0.063647 0.050255 0.000996 0.006549 0.005537 0.080007 0.032369 0.030646 0.005024 0.013249 0.014053 0.024705 0.037342 0.052368 0.112731 0.152445 0.060447 0.002383 0.010485 0.019344
0.051421 0.150953 0.011180 0.029919 0.009226 0.001392 0.146669 0.369120 0.038317 0.003393 0.005589 0.000992 0.016994 0.011097 0.003874 0.007242 0.025908 0.002464 0.003528 0.006946 0.001488 0.035332 0.051013 0.003831 0.003577 0.007950 0.000584
0.008088 0.001332 0.001560 0.913602 0.034207 0.012665 0.003065 0.002766 0.001067 0.003624 0.000719 0.000239 0.000444 0.000052 0.000027 0.003843 0.000796 0.000684 0.000232 0.000085 0.000077 0.009156 0.000651 0.000688 0.000203 0.000105 0.000022
0.045949 0.094209 0.031424 0.104404 0.103568 0.023239 0.039726 0.019776 0.045477 0.031549 0.053110 0.045156 0.003401 0.008579 0.002021 0.076993 0.053978 0.054272 0.022164 0.014136 0.018605 0.035480 0.029646 0.023792 0.008600 0.008302 0.002445
0.001542 0.005570 0.016949 0.003265 0.003095 0.025781 0.001274 0.002196 0.066651 0.023404 0.041619 0.713403 0.001042 0.007459 0.045519 0.002303 0.003411 0.016079 0.000794 0.001615 0.010084 0.000759 0.000210 0.003208 0.000382 0.000147 0.002242
0.002720 0.008472 0.023356 0.013442 0.019934 0.069162 0.001668 0.009306 0.037331 0.068383 0.135474 0.563217 0.000139 0.000536 0.001960 0.003608 0.005187 0.026996 0.000390 0.001755 0.003455 0.000660 0.000159 0.001590 0.000273 0.000173 0.000653
0.001260 0.001821 0.020153 0.034251 0.005182 0.452453 0.001427 0.000973 0.042094 0.008189 0.010722 0.317991 0.000558 0.000473 0.005568 0.007320 0.000850 0.064036 0.001555 0.001271 0.010408 0.001756 0.000060 0.006732 0.000226 0.000081 0.002586
0.003334 0.109446 0.022221 0.004518 0.019678 0.008907 0.004274 0.035867 0.010804 0.000062 0.000389 0.000303 0.001581 0.012152 0.002155 0.000951 0.006684 0.009694 0.002799 0.012973 0.020558 0.033675 0.496442 0.175577 0.000201 0.002265 0.002491
0.002263 0.051133 0.005919 0.025434 0.603074 0.012576 0.000661 0.006410 0.001110 0.002367 0.012994 0.001389 0.000724 0.003047 0.000278 0.010891 0.044734 0.016970 0.003216 0.012696 0.005066 0.025257 0.123420 0.023002 0.000722 0.004106 0.000539
0.002118 0.262602 0.030286 0.001987 0.024900 0.005940 0.006559 0.303320 0.089159 0.000257 0.006768 0.001935 0.000398 0.014388 0.002257 0.000365 0.014681 0.007197 0.001665 0.080389 0.032018 0.001644 0.088567 0.013306 0.000304 0.006317 0.000674
0.023500 0.058740 0.760128 0.010162 0.006556 0.056491 0.001377 0.004034 0.016657 0.001812 0.001569 0.014676 0.000174 0.000180 0.001072 0.001107 0.001656 0.024584 0.000107 0.000985 0.002517 0.000961 0.000412 0.009107 0.000146 0.000160 0.001133
0.018860 0.169975 0.065223 0.023928 0.065820 0.021893 0.068634 0.108365 0.062986 0.015849 0.048810 0.015387 0.002058 0.010308 0.002366 0.015275 0.135918 0.042789 0.005809 0.016607 0.010777 0.011667 0.034991 0.017971 0.003203 0.002768 0.001764
0.002155 0.026873 0.012097 0.026343 0.062346 0.012860 0.002724 0.026671 0.011625 0.001509 0.008402 0.002132 0.009076 0.102377 0.012375 0.007990 0.030233 0.016446 0.028753 0.163541 0.066243 0.072518 0.199504 0.086776 0.000932 0.003612 0.003886
0.001596 0.075941 0.024338 0.003637 0.025042 0.005641 0.008409 0.165743 0.042166 0.000517 0.003740 0.001769 0.007201 0.056987 0.012009 0.001000 0.016790 0.009236 0.009256 0.107652 0.068197 0.018482 0.238571 0.084594 0.001074 0.006756 0.003655
0.034963 0.014023 0.021252 0.056629 0.003228 0.006275 0.418068 0.289056 0.108651 0.003307 0.001448 0.001067 0.003220 0.000880 0.000842 0.004916 0.003040 0.003943 0.002581 0.001111 0.001388 0.013469 0.002414 0.002037 0.001317 0.000560 0.000315
