0.047537 0.013035 0.008275 0.042540 0.006001 0.004518 0.280057 0.046193 0.031241 0.147381 0.028338 0.019071 0.045864 0.010703 0.011678 0.105536 0.022226 0.012006 0.024777 0.001137 0.001551 0.031364 0.003781 0.002521 0.041503 0.007089 0.004077
0.011015 0.066925 0.003201 0.013637 0.081426 0.002696 0.007836 0.034790 0.002369 0.009947 0.056542 0.003093 0.011270 0.050481 0.003010 0.034264 0.154972 0.005668 0.016748 0.123333 0.007018 0.037029 0.220270 0.005491 0.006185 0.028303 0.002481
0.011113 0.059001 0.005272 0.011307 0.041227 0.007213 0.015614 0.026458 0.016098 0.021758 0.082412 0.012943 0.050880 0.100780 0.036990 0.064745 0.166740 0.027771 0.053226 0.039793 0.017596 0.036133 0.033311 0.011567 0.013642 0.029897 0.006514
0.092188 0.006147 0.012280 0.201683 0.012780 0.027459 0.073105 0.011952 0.023675 0.120178 0.010258 0.019273 0.058932 0.003699 0.008889 0.142142 0.008014 0.020243 0.014351 0.000536 0.001565 0.099191 0.001757 0.005366 0.017819 0.002038 0.004478
0.011305 0.002836 0.000782 0.088133 0.031939 0.002657 0.068928 0.020746 0.003017 0.093050 0.034639 0.002012 0.056574 0.035429 0.003340 0.107260 0.094455 0.004130 0.115381 0.020914 0.003094 0.109052 0.046744 0.005385 0.025700 0.009569 0.002929
0.025444 0.417167 0.268779 0.011620 0.009824 0.017373 0.008504 0.026159 0.048284 0.004064 0.013145 0.012337 0.002058 0.008642 0.009632 0.002196 0.014221 0.019460 0.002837 0.019405 0.020163 0.001703 0.004017 0.019129 0.001490 0.004287 0.008060
0.012117 0.025950 0.063649 0.009706 0.000568 0.009948 0.122854 0.058666 0.468659 0.007671 0.011121 0.029724 0.004651 0.011816 0.035059 0.003397 0.006036 0.011664 0.016868 0.021962 0.046787 0.001707 0.000737 0.003076 0.003658 0.001244 0.010705
0.003874 0.047630 0.005376 0.003508 0.008846 0.001353 0.033071 0.779458 0.032975 0.001535 0.013446 0.001022 0.000492 0.004340 0.001001 0.000279 0.011592 0.000414 0.000539 0.036690 0.001885 0.000671 0.007895 0.000357 0.000372 0.001280 0.000099
0.001073 0.003696 0.002229 0.000821 0.001364 0.000458 0.022451 0.335840 0.096477 0.006919 0.072233 0.017973 0.000441 0.009104 0.002681 0.000622 0.005951 0.000915 0.019251 0.349494 0.045266 0.000155 0.000963 0.000224 0.001641 0.001315 0.000443
0.037564 0.058573 0.303035 0.008730 0.004548 0.142636 0.006972 0.013854 0.103265 0.003388 0.008488 0.090299 0.006611 0.004936 0.076732 0.005481 0.005873 0.043202 0.001361 0.008777 0.019461 0.006818 0.001450 0.027449 0.000624 0.000839 0.009035
0.045584 0.023091 0.010611 0.178195 0.069533 0.023563 0.036389 0.025902 0.005030 0.020545 0.009306 0.002895 0.011366 0.002386 0.001258 0.115236 0.042412 0.034597 0.013959 0.004250 0.002771 0.243736 0.027178 0.037014 0.008078 0.003146 0.001970
0.009439 0.000555 0.000710 0.059603 0.004508 0.001644 0.081563 0.005451 0.005150 0.094667 0.011300 0.002502 0.035030 0.012234 0.001915 0.271098 0.026097 0.007057 0.285504 0.003594 0.001386 0.048812 0.001826 0.001404 0.023974 0.001938 0.001039
0.071370 0.161636 0.066175 0.024467 0.005608 0.005777 0.175152 0.157708 0.222373 0.016134 0.017898 0.011058 0.003033 0.006948 0.004350 0.004968 0.021811 0.005476 0.001784 0.002322 0.001047 0.002311 0.002047 0.001906 0.003551 0.002278 0.000812
0.016911 0.003209 0.007845 0.240476 0.023701 0.044509 0.056996 0.025410 0.034106 0.035511 0.016206 0.013756 0.021996 0.028163 0.006170 0.031019 0.013822 0.017672 0.064344 0.017883 0.020165 0.198838 0.019209 0.031757 0.005080 0.001208 0.004040
0.016001 0.002745 0.030695 0.066929 0.004885 0.201354 0.082024 0.011015 0.337458 0.016145 0.003621 0.070925 0.010859 0.000767 0.006308 0.013206 0.001081 0.033466 0.007232 0.000401 0.008147 0.022642 0.000859 0.041475 0.002750 0.000411 0.006597
0.003922 0.003744 0.039009 0.002551 0.000325 0.015736 0.015619 0.010638 0.131583 0.001253 0.000864 0.043683 0.067389 0.023714 0.470638 0.001652 0.000402 0.018145 0.007362 0.005245 0.050865 0.003540 0.001259 0.026099 0.001249 0.001152 0.052359
0.012186 0.064394 0.004286 0.028907 0.263719 0.006358 0.005336 0.020908 0.001004 0.001906 0.018350 0.001131 0.004538 0.004338 0.000665 0.012973 0.088410 0.011761 0.004595 0.033724 0.003632 0.065218 0.301052 0.022956 0.002421 0.013283 0.001950
0.007877 0.331805 0.016804 0.003991 0.031133 0.001975 0.014864 0.383133 0.027188 0.000357 0.011700 0.000995 0.000592 0.005655 0.000621 0.000319 0.019164 0.001901 0.000602 0.027773 0.002274 0.002068 0.093596 0.003695 0.000430 0.009209 0.000278
0.000167 0.007091 0.001109 0.002137 0.112888 0.005580 0.000254 0.003747 0.001430 0.000247 0.017831 0.000641 0.001333 0.023409 0.001361 0.001285 0.025641 0.008273 0.016100 0.175856 0.057852 0.033903 0.438023 0.056832 0.000260 0.004737 0.002015
0.020242 0.007714 0.026475 0.025134 0.005719 0.032484 0.050773 0.016302 0.092683 0.011526 0.003219 0.011998 0.300621 0.008821 0.128698 0.022184 0.003355 0.043379 0.029074 0.001122 0.008183 0.072392 0.002812 0.040119 0.007703 0.004288 0.022978
0.004295 0.033465 0.043899 0.004864 0.003645 0.020888 0.022474 0.171909 0.179676 0.001560 0.003794 0.015699 0.042607 0.016861 0.086430 0.004990 0.007864 0.033715 0.034981 0.075509 0.085191 0.009593 0.005332 0.029198 0.003401 0.011328 0.046837
0.011725 0.003571 0.003046 0.016794 0.001538 0.000701 0.427161 0.365343 0.037614 0.040158 0.015934 0.004391 0.012263 0.002267 0.001823 0.010432 0.006543 0.001745 0.015796 0.002365 0.000708 0.007875 0.000962 0.000228 0.006282 0.002312 0.000422
0.015071 0.001669 0.003752 0.707969 0.036404 0.012874 0.007545 0.006201 0.003443 0.161305 0.013194 0.006894 0.001127 0.000156 0.000124 0.012479 0.001138 0.001506 0.000595 0.000164 0.000088 0.004584 0.000154 0.000227 0.001134 0.000147 0.000054
0.063492 0.000724 0.006334 0.767134 0.008341 0.049503 0.016939 0.002141 0.004660 0.024562 0.000653 0.001151 0.001304 0.000086 0.000251 0.024913 0.000353 0.003906 0.001092 0.000028 0.000125 0.019395 0.000109 0.001397 0.001214 0.000053 0.000137
0.175344 0.049397 0.116480 0.104846 0.006463 0.012368 0.250251 0.100009 0.152750 0.010273 0.002094 0.003281 0.000744 0.000564 0.000756 0.003268 0.001029 0.003172 0.001442 0.000264 0.000348 0.001479 0.000603 0.000625 0.001514 0.000409 0.000229
0.034029 0.116149 0.042127 0.022886 0.046583 0.012701 0.122915 0.093119 0.118409 0.038135 0.096941 0.019049 0.003374 0.023962 0.005283 0.012884 0.082600 0.025184 0.016840 0.029611 0.011165 0.004801 0.007738 0.002737 0.005711 0.003296 0.001769
0.000134 0.000970 0.000265 0.000366 0.000461 0.000264 0.002938 0.014995 0.004882 0.000220 0.001927 0.000167 0.000776 0.017247 0.001501 0.000604 0.003233 0.001371 0.199612 0.501469 0.239615 0.000457 0.002699 0.001042 0.000602 0.001195 0.000987
0.023984 0.003642 0.004329 0.670351 0.024678 0.091976 0.013055 0.004188 0.012741 0.004039 0.002353 0.002727 0.022751 0.000644 0.005950 0.015956 0.001158 0.012216 0.023410 0.002618 0.010880 0.036645 0.000756 0.002827 0.001250 0.001023 0.003851
0.366281 0.013312 0.045893 0.266978 0.009002 0.121005 0.033220 0.004225 0.015886 0.008737 0.001943 0.004704 0.013577 0.000393 0.004478 0.017654 0.000936 0.016134 0.005691 0.000340 0.005658 0.030867 0.000509 0.006620 0.002287 0.000543 0.003127
0.015211 0.002802 0.007695 0.045063 0.004821 0.009765 0.155946 0.031904 0.017325 0.020471 0.006196 0.003506 0.138473 0.019996 0.029101 0.048808 0.005353 0.019843 0.220316 0.008279 0.016182 0.120798 0.010328 0.009595 0.010726 0.003333 0.018165
0.013034 0.032805 0.030739 0.022576 0.015524 0.011683 0.154663 0.417359 0.121892 0.030351 0.086263 0.023991 0.003529 0.001197 0.002136 0.003169 0.009521 0.003728 0.001572 0.003387 0.001109 0.002635 0.002647 0.000743 0.001526 0.001498 0.000724
0.041847 0.043067 0.781858 0.008107 0.004661 0.049763 0.003715 0.003657 0.018540 0.001124 0.001356 0.007889 0.000444 0.000158 0.001019 0.000687 0.000765 0.011520 0.000141 0.001109 0.001906 0.002047 0.000783 0.010573 0.000175 0.000163 0.002926
0.001540 0.010694 0.001558 0.001428 0.005329 0.000379 0.007901 0.180041 0.003233 0.001132 0.008307 0.000206 0.001107 0.013042 0.000860 0.002893 0.023196 0.000796 0.068421 0.586103 0.014675 0.008738 0.049624 0.001111 0.001042 0.006081 0.000563
0.007191 0.001532 0.003457 0.010902 0.001513 0.001835 0.147021 0.051937 0.022173 0.006913 0.003341 0.000740 0.060085 0.015016 0.014340 0.038848 0.008774 0.005881 0.483388 0.016157 0.009456 0.070832 0.002501 0.001335 0.005741 0.006450 0.002640
0.000671 0.008729 0.000603 0.000940 0.014349 0.000423 0.002276 0.109483 0.001872 0.000698 0.018978 0.000171 0.001025 0.005881 0.000540 0.001645 0.031041 0.000258 0.009384 0.728329 0.004328 0.003472 0.046042 0.000342 0.000453 0.007884 0.000181
0.057128 0.156583 0.043062 0.017309 0.021562 0.004168 0.097965 0.193570 0.063821 0.041187 0.143576 0.015088 0.006164 0.005329 0.005195 0.021252 0.068934 0.003768 0.002420 0.007349 0.000863 0.009697 0.003579 0.001311 0.004403 0.004350 0.000365
0.010177 0.025192 0.246654 0.009674 0.004802 0.238644 0.003244 0.005389 0.130738 0.002333 0.006081 0.131002 0.004216 0.002890 0.055550 0.002239 0.002741 0.050078 0.000971 0.003823 0.022890 0.001473 0.000387 0.028778 0.000294 0.000207 0.009532
0.004391 0.126434 0.002540 0.006366 0.382558 0.003961 0.001256 0.024367 0.000765 0.002682 0.090727 0.001633 0.000356 0.002428 0.000212 0.005997 0.170189 0.004189 0.001916 0.069564 0.001454 0.004392 0.083996 0.001836 0.000406 0.005229 0.000156
0.052375 0.536925 0.325262 0.005009 0.030075 0.009672 0.000986 0.008558 0.003770 0.000425 0.003420 0.001343 0.000105 0.000242 0.000267 0.000423 0.005887 0.003033 0.000027 0.001867 0.000279 0.001003 0.003693 0.004407 0.000079 0.000667 0.000201
0.061302 0.011758 0.231000 0.064960 0.007294 0.339923 0.008011 0.003550 0.063291 0.009242 0.003336 0.050310 0.002915 0.000606 0.012546 0.009809 0.002773 0.083917 0.001273 0.000757 0.005116 0.003501 0.000103 0.018879 0.000676 0.000116 0.003036
0.005266 0.491676 0.043426 0.001180 0.009289 0.002039 0.001673 0.136315 0.009540 0.000203 0.003361 0.000785 0.000147 0.004992 0.000581 0.000505 0.018124 0.002754 0.001367 0.204428 0.012319 0.001293 0.038346 0.005266 0.000285 0.004154 0.000689
0.006393 0.021374 0.004916 0.003451 0.008718 0.000680 0.061789 0.268515 0.015782 0.005960 0.012865 0.001359 0.039739 0.273945 0.033440 0.003643 0.048153 0.001636 0.011871 0.032902 0.002874 0.030180 0.097050 0.003845 0.003834 0.004368 0.000717
0.000056 0.001548 0.000164 0.000139 0.005380 0.000287 0.000139 0.002816 0.000389 0.001000 0.035167 0.001415 0.000398 0.011277 0.000628 0.001328 0.020943 0.001587 0.020712 0.841687 0.032646 0.000879 0.012297 0.000655 0.000446 0.005375 0.000640
0.080808 0.081665 0.078502 0.025714 0.007110 0.013939 0.132124 0.142518 0.189356 0.036439 0.032788 0.021100 0.022505 0.012979 0.024961 0.021291 0.013134 0.008573 0.004575 0.006334 0.003260 0.021622 0.002750 0.006664 0.005035 0.002705 0.001546
0.009355 0.016816 0.008028 0.010402 0.004993 0.002855 0.223192 0.462376 0.142580 0.010154 0.043308 0.006072 0.001845 0.002757 0.000927 0.003304 0.016569 0.002591 0.006067 0.011848 0.002923 0.003192 0.003769 0.000481 0.001616 0.001680 0.000300
0.019539 0.099700 0.009317 0.018365 0.023191 0.002418 0.057631 0.557019 0.046520 0.000837 0.005516 0.000446 0.005187 0.007798 0.001020 0.001510 0.019493 0.001336 0.001326 0.011831 0.001229 0.020305 0.083004 0.002519 0.000583 0.002139 0.000220
0.014533 0.003464 0.000810 0.068304 0.012941 0.001175 0.084577 0.022163 0.004423 0.022657 0.012548 0.000466 0.019145 0.035968 0.000811 0.049057 0.047610 0.003769 0.157156 0.022747 0.004911 0.344010 0.053481 0.002844 0.007050 0.002811 0.000569
0.070465 0.016290 0.581448 0.020823 0.006084 0.083174 0.005367 0.002717 0.035441 0.011730 0.003983 0.063304 0.003158 0.001186 0.007462 0.002695 0.000861 0.027401 0.000541 0.000292 0.002452 0.004978 0.000510 0.040473 0.000655 0.000347 0.006165
0.019296 0.000771 0.005449 0.127092 0.005183 0.005701 0.176171 0.024347 0.006963 0.065393 0.005235 0.003848 0.017280 0.007891 0.000947 0.052863 0.004733 0.009880 0.133179 0.005046 0.004640 0.275691 0.011211 0.013706 0.013505 0.000583 0.003396
0.046633 0.004586 0.076846 0.040209 0.002020 0.072720 0.093251 0.004320 0.119281 0.040698 0.006036 0.109446 0.053265 0.002780 0.078240 0.034218 0.001613 0.119831 0.016753 0.000572 0.006732 0.018371 0.000190 0.015387 0.006383 0.000712 0.028905
0.048116 0.002414 0.012553 0.612759 0.029230 0.034488 0.041544 0.013523 0.005623 0.059619 0.010508 0.006122 0.002450 0.000126 0.000207 0.035382 0.002445 0.011001 0.004782 0.000673 0.000652 0.057040 0.000604 0.004310 0.002616 0.000324 0.000888
0.036239 0.044564 0.758269 0.004718 0.002660 0.033378 0.003321 0.003785 0.022511 0.002474 0.001594 0.026807 0.000872 0.000542 0.004546 0.001340 0.000384 0.012746 0.000280 0.000924 0.002583 0.003638 0.001511 0.026267 0.000292 0.000239 0.003517
0.066196 0.010409 0.084181 0.182997 0.008412 0.190277 0.029253 0.006744 0.066623 0.009693 0.003243 0.036363 0.036440 0.003952 0.039079 0.017167 0.003178 0.056913 0.006191 0.001258 0.013443 0.031778 0.002196 0.077915 0.002660 0.000219 0.013216
0.001592 0.000659 0.001012 0.009905 0.000858 0.000256 0.079816 0.046294 0.004802 0.004121 0.001210 0.000410 0.169460 0.126436 0.024322 0.009934 0.008698 0.002209 0.353805 0.035204 0.022414 0.043257 0.022348 0.010223 0.009905 0.003383 0.007469
0.004626 0.008312 0.004066 0.194825 0.091740 0.026767 0.133378 0.204642 0.045040 0.005548 0.038135 0.001807 0.027679 0.002825 0.001303 0.010003 0.023982 0.004635 0.009116 0.008710 0.001829 0.048932 0.069019 0.008220 0.003694 0.019312 0.001855
0.031148 0.012792 0.009452 0.161150 0.015088 0.006608 0.140950 0.114456 0.039906 0.031916 0.019805 0.007453 0.037399 0.007237 0.004033 0.094119 0.015183 0.017744 0.062065 0.009466 0.006290 0.116271 0.012757 0.006562 0.010584 0.007147 0.002418
0.057658 0.257524 0.572230 0.007282 0.002578 0.008050 0.004564 0.026572 0.037499 0.001074 0.001758 0.003804 0.000521 0.000536 0.002178 0.000755 0.001202 0.003667 0.000101 0.001498 0.000996 0.000959 0.001371 0.003824 0.000268 0.000691 0.000841
0.023170 0.365881 0.092224 0.022115 0.115159 0.019898 0.018235 0.041370 0.025125 0.020590 0.112203 0.031971 0.000630 0.001443 0.000720 0.003350 0.048388 0.011877 0.000538 0.007611 0.002269 0.002349 0.023190 0.006575 0.000762 0.001706 0.000650
0.040048 0.513113 0.045339 0.012859 0.035236 0.004170 0.030290 0.075564 0.035788 0.004346 0.039668 0.006536 0.001128 0.005256 0.001016 0.005124 0.076054 0.014936 0.001636 0.011464 0.002898 0.006636 0.021054 0.003537 0.001135 0.004415 0.000754
0.009353 0.019966 0.132094 0.021402 0.011079 0.234522 0.002146 0.003452 0.062186 0.011586 0.011020 0.290713 0.001976 0.001250 0.016424 0.014433 0.001861 0.086902 0.002487 0.003216 0.015980 0.003530 0.000796 0.033567 0.000525 0.000455 0.007080
0.004892 0.061138 0.002218 0.042685 0.717538 0.006265 0.001235 0.012221 0.000591 0.002210 0.033318 0.001069 0.000175 0.000498 0.000058 0.006377 0.046151 0.003941 0.000689 0.005587 0.000355 0.004768 0.042016 0.001421 0.000241 0.002285 0.000061
0.011910 0.095567 0.153007 0.004556 0.004499 0.015774 0.021086 0.126548 0.380993 0.000827 0.004448 0.017505 0.002436 0.014186 0.021424 0.001236 0.002482 0.020459 0.004119 0.021197 0.035425 0.003756 0.008991 0.021087 0.000508 0.001641 0.004331
0.013561 0.115474 0.776437 0.002942 0.000898 0.013992 0.001291 0.009512 0.040816 0.000268 0.000574 0.004372 0.000161 0.000246 0.003689 0.000237 0.000331 0.006238 0.000063 0.001621 0.002488 0.000254 0.000248 0.003122 0.000079 0.000147 0.000938
0.008692 0.004685 0.012042 0.010048 0.001033 0.000879 0.221688 0.230601 0.048250 0.013441 0.004592 0.003196 0.009116 0.050968 0.012345 0.011930 0.006616 0.004189 0.195843 0.069537 0.038552 0.014202 0.007383 0.006629 0.008834 0.002342 0.002367
0.015167 0.041956 0.689391 0.005457 0.003010 0.074994 0.002645 0.004613 0.034625 0.002750 0.003149 0.077142 0.000171 0.000234 0.002366 0.001188 0.001118 0.024432 0.000134 0.001012 0.003303 0.000805 0.000175 0.008264 0.000173 0.000148 0.001580
0.002102 0.036230 0.017074 0.001415 0.002176 0.002529 0.023887 0.677889 0.102180 0.000825 0.007700 0.003259 0.000225 0.002407 0.001148 0.000440 0.006856 0.002054 0.003909 0.082247 0.016950 0.000309 0.002446 0.001225 0.000415 0.001645 0.000458
0.000783 0.014011 0.012132 0.003110 0.003879 0.010391 0.003792 0.038040 0.056538 0.000626 0.005579 0.016788 0.021697 0.184028 0.230911 0.001985 0.006257 0.017391 0.024273 0.119867 0.152537 0.014006 0.022330 0.023387 0.000418 0.002907 0.012338
0.052106 0.021136 0.407552 0.019779 0.002438 0.115410 0.004210 0.003977 0.066595 0.003696 0.000938 0.061776 0.007460 0.001209 0.023893 0.004420 0.000739 0.055135 0.001436 0.001012 0.019460 0.015893 0.001354 0.084211 0.000722 0.000494 0.022952
0.000200 0.045690 0.004003 0.000674 0.039607 0.003498 0.000533 0.056922 0.004897 0.000802 0.078486 0.006262 0.000142 0.005778 0.000940 0.000381 0.035565 0.003473 0.002659 0.602820 0.030819 0.000532 0.062470 0.003067 0.000130 0.008855 0.000793
0.004262 0.002057 0.042066 0.002475 0.000175 0.016811 0.027368 0.029482 0.374316 0.001206 0.001077 0.025356 0.017914 0.007021 0.365614 0.001496 0.000306 0.013814 0.007526 0.004445 0.029152 0.004865 0.000339 0.006936 0.000646 0.000490 0.012785
0.000651 0.006606 0.001576 0.000772 0.029074 0.001459 0.000536 0.011286 0.000421 0.000174 0.005540 0.000296 0.000696 0.012344 0.001614 0.001610 0.035738 0.001975 0.015425 0.623192 0.021525 0.009060 0.204351 0.007821 0.000283 0.004692 0.001282
0.018918 0.070391 0.064981 0.010775 0.043404 0.043258 0.008997 0.013712 0.022986 0.055246 0.088723 0.086474 0.023700 0.023472 0.084593 0.076399 0.093530 0.060849 0.013575 0.012650 0.009497 0.031285 0.008611 0.017707 0.004439 0.007148 0.004682
0.003560 0.006455 0.029684 0.006408 0.001554 0.017256 0.066306 0.169688 0.238926 0.002621 0.004531 0.014160 0.006504 0.013591 0.018735 0.002126 0.002419 0.011494 0.050598 0.105137 0.173355 0.013505 0.009141 0.017927 0.001397 0.002054 0.010872
0.000303 0.022415 0.001528 0.000275 0.007621 0.000306 0.000440 0.043732 0.001431 0.000035 0.001928 0.000059 0.000314 0.008058 0.000572 0.000174 0.005655 0.000478 0.003167 0.623903 0.014873 0.006161 0.250699 0.003013 0.000080 0.002500 0.000282
0.000479 0.018449 0.001106 0.000568 0.018730 0.000370 0.000965 0.046937 0.002375 0.000215 0.008893 0.000105 0.003075 0.048701 0.003503 0.000766 0.022323 0.000873 0.009620 0.372809 0.010199 0.025478 0.390196 0.003250 0.000349 0.009244 0.000424
0.094437 0.038552 0.470552 0.013743 0.001242 0.010251 0.044230 0.052332 0.157056 0.002828 0.002247 0.002973 0.007961 0.002072 0.026993 0.005095 0.001486 0.014185 0.004747 0.003146 0.005864 0.020213 0.001008 0.009705 0.001766 0.002056 0.003262
0.280414 0.016835 0.074348 0.128002 0.011968 0.019887 0.092827 0.027041 0.019710 0.049922 0.005713 0.005388 0.008663 0.001070 0.001859 0.104819 0.012880 0.020377 0.006129 0.000973 0.000964 0.093873 0.001518 0.005666 0.007316 0.000792 0.001047
0.027373 0.016658 0.148404 0.119767 0.027229 0.469192 0.002155 0.001353 0.015272 0.005607 0.003419 0.027654 0.001324 0.000411 0.002065 0.011657 0.002235 0.047854 0.001227 0.001012 0.006319 0.012863 0.001285 0.042471 0.000478 0.000422 0.004293
0.121526 0.004678 0.136881 0.069116 0.002208 0.119914 0.045655 0.003737 0.086448 0.023129 0.003932 0.052709 0.075155 0.001631 0.107119 0.020508 0.001002 0.039371 0.002691 0.000294 0.002477 0.041552 0.000738 0.017292 0.002716 0.000244 0.017276
0.007001 0.070105 0.124277 0.005205 0.010728 0.016763 0.060201 0.236374 0.200857 0.008545 0.029551 0.044209 0.009532 0.015779 0.025012 0.002744 0.016969 0.017869 0.004994 0.022447 0.013639 0.004934 0.017388 0.020561 0.001750 0.002499 0.010066
0.002044 0.028538 0.003056 0.002667 0.091810 0.003151 0.001005 0.013621 0.002012 0.014508 0.314494 0.014863 0.001671 0.028718 0.004332 0.020767 0.191998 0.014037 0.010844 0.179339 0.009273 0.013370 0.024153 0.002467 0.001362 0.005014 0.000884
0.038778 0.069818 0.057627 0.015929 0.038434 0.035223 0.019136 0.039286 0.035346 0.106596 0.120439 0.144202 0.005798 0.006575 0.008524 0.088960 0.069406 0.034705 0.004233 0.004558 0.001891 0.036883 0.003521 0.007275 0.003507 0.002089 0.001259
0.064611 0.011490 0.440926 0.011569 0.002407 0.064875 0.027810 0.016581 0.234523 0.004807 0.003012 0.049245 0.002510 0.000762 0.010872 0.002172 0.000694 0.020835 0.000586 0.001076 0.004426 0.005291 0.000483 0.014632 0.000617 0.000109 0.003077
0.077173 0.013525 0.048286 0.078356 0.012223 0.016915 0.208970 0.065591 0.044948 0.047223 0.011033 0.007509 0.023018 0.008936 0.005375 0.064240 0.017580 0.026474 0.034828 0.009399 0.006988 0.130038 0.011403 0.017766 0.008253 0.000833 0.003115
0.000955 0.033763 0.002946 0.000398 0.017320 0.000516 0.000074 0.002659 0.000550 0.001428 0.029234 0.002787 0.001373 0.068246 0.008841 0.005816 0.095986 0.005192 0.011549 0.639783 0.026060 0.002961 0.029107 0.006435 0.000796 0.003949 0.001276
0.002503 0.062732 0.005349 0.008201 0.251438 0.011409 0.001824 0.083570 0.004631 0.001848 0.066547 0.001745 0.001067 0.006698 0.000979 0.007307 0.194998 0.008955 0.008365 0.187506 0.009450 0.008331 0.047624 0.006419 0.000866 0.009138 0.000501
0.003000 0.008773 0.028926 0.077378 0.075616 0.384869 0.002242 0.010744 0.036943 0.002649 0.005499 0.012582 0.004287 0.003399 0.004711 0.010609 0.003690 0.048677 0.017613 0.014115 0.047589 0.070269 0.015085 0.103326 0.000463 0.001194 0.005753
0.000864 0.035262 0.000658 0.001214 0.034090 0.000375 0.001052 0.077509 0.001241 0.000732 0.025852 0.000309 0.000647 0.012753 0.000371 0.002626 0.082986 0.001616 0.011908 0.579952 0.009776 0.002649 0.107144 0.000774 0.000531 0.006900 0.000209
0.000527 0.003566 0.001882 0.001579 0.009331 0.002228 0.003974 0.023126 0.007168 0.006453 0.024636 0.002814 0.010777 0.086489 0.015352 0.012163 0.033087 0.009454 0.327519 0.296978 0.067585 0.020681 0.016358 0.004886 0.002102 0.006807 0.002478
0.023472 0.000836 0.003597 0.029504 0.000439 0.001375 0.723380 0.082392 0.032568 0.015067 0.001240 0.000678 0.013101 0.000691 0.000725 0.012904 0.001027 0.001612 0.022146 0.000505 0.000356 0.027194 0.000458 0.000154 0.003729 0.000522 0.000326
0.004383 0.023683 0.283017 0.004181 0.000900 0.045108 0.009189 0.015750 0.421231 0.002644 0.006215 0.095083 0.001008 0.000928 0.015332 0.000811 0.000963 0.027319 0.001710 0.004280 0.022266 0.000708 0.000116 0.003518 0.000342 0.000342 0.008975
0.005164 0.005260 0.004146 0.004509 0.007668 0.003591 0.007547 0.009236 0.002810 0.048759 0.058044 0.019255 0.007501 0.052727 0.019592 0.127535 0.049995 0.040387 0.258724 0.182308 0.042269 0.020492 0.003764 0.005247 0.006925 0.002675 0.003871
0.017762 0.315017 0.019594 0.016784 0.370272 0.016305 0.001108 0.016872 0.001852 0.002425 0.027445 0.003151 0.000751 0.002965 0.000662 0.006750 0.124132 0.005888 0.000248 0.006257 0.000413 0.004543 0.030729 0.005289 0.000393 0.002239 0.000156
0.079610 0.125146 0.532138 0.014792 0.006270 0.022072 0.015920 0.069525 0.111857 0.000695 0.002307 0.003022 0.000434 0.000484 0.001969 0.000510 0.001565 0.003889 0.000144 0.001211 0.001012 0.000486 0.000796 0.003200 0.000310 0.000314 0.000323
0.002580 0.020516 0.002826 0.017289 0.111245 0.020624 0.008262 0.034292 0.006989 0.000386 0.007700 0.000501 0.002898 0.013338 0.000832 0.005183 0.081395 0.013492 0.020492 0.074394 0.016282 0.064888 0.399987 0.068276 0.000778 0.003185 0.001369
0.049048 0.118216 0.070208 0.006474 0.002696 0.004846 0.065407 0.201736 0.371859 0.008594 0.026836 0.019603 0.001358 0.003542 0.008566 0.004014 0.012489 0.007941 0.001765 0.005073 0.003193 0.001504 0.000600 0.000939 0.002093 0.001020 0.000381
0.117599 0.031489 0.067495 0.036045 0.022120 0.024624 0.015600 0.011491 0.016850 0.262521 0.098239 0.191122 0.000486 0.000468 0.000821 0.052163 0.018146 0.021245 0.001005 0.000941 0.000594 0.003830 0.000215 0.001289 0.002840 0.000382 0.000380
0.109842 0.078914 0.091705 0.027508 0.029402 0.042571 0.142346 0.182418 0.106323 0.001784 0.005293 0.004454 0.004306 0.005159 0.002009 0.002909 0.014662 0.009417 0.001079 0.003805 0.002884 0.039870 0.059336 0.028737 0.001197 0.000800 0.001269
0.008784 0.031242 0.022669 0.001017 0.001582 0.002548 0.011718 0.010149 0.084227 0.031847 0.093418 0.270275 0.008721 0.092297 0.204543 0.009885 0.041851 0.024854 0.006842 0.010345 0.015732 0.001752 0.000605 0.001770 0.004175 0.000769 0.006384
0.013761 0.140356 0.006803 0.009475 0.118088 0.011612 0.005521 0.062886 0.004326 0.003465 0.064343 0.004462 0.002122 0.010350 0.001777 0.023455 0.362482 0.019036 0.005100 0.067549 0.003546 0.013646 0.031275 0.004491 0.001460 0.007864 0.000747
0.040797 0.005111 0.037527 0.034287 0.007901 0.080513 0.011245 0.005973 0.027830 0.264099 0.032056 0.342579 0.000997 0.000399 0.002198 0.045872 0.005198 0.040080 0.002275 0.000913 0.001748 0.004698 0.000043 0.002190 0.002224 0.000320 0.000927
0.000311 0.006466 0.000323 0.001108 0.033473 0.001297 0.000618 0.038930 0.000738 0.000069 0.006691 0.000100 0.000197 0.008565 0.000212 0.000667 0.028557 0.000508 0.010921 0.679360 0.011993 0.002732 0.162283 0.001901 0.000084 0.001760 0.000135
0.000145 0.004162 0.000410 0.000090 0.001270 0.000135 0.001519 0.095857 0.003210 0.000173 0.004616 0.000096 0.001448 0.026606 0.002578 0.000321 0.013205 0.000341 0.038951 0.745041 0.042918 0.000508 0.011495 0.000970 0.000238 0.003415 0.000281
0.056194 0.031577 0.023697 0.131091 0.103521 0.076459 0.006734 0.016079 0.010294 0.017551 0.019428 0.008067 0.046068 0.006708 0.008366 0.096452 0.025136 0.016739 0.009537 0.010282 0.005161 0.217959 0.022108 0.022024 0.002740 0.005364 0.004665
0.002759 0.005854 0.000571 0.004979 0.006820 0.000744 0.018586 0.040610 0.003761 0.087839 0.418735 0.011159 0.001880 0.002907 0.000650 0.034068 0.032804 0.003475 0.104132 0.193056 0.007781 0.002194 0.004009 0.000173 0.004401 0.005602 0.000453
0.505474 0.013081 0.070349 0.077372 0.002331 0.023300 0.056071 0.015359 0.021678 0.017401 0.002028 0.004877 0.028937 0.001711 0.019944 0.050589 0.001414 0.018673 0.005761 0.001173 0.001913 0.046395 0.000394 0.008401 0.002703 0.000501 0.002167
0.632845 0.027876 0.116465 0.048508 0.001845 0.017181 0.053679 0.012341 0.018276 0.009311 0.002196 0.004350 0.008432 0.000563 0.007372 0.011839 0.002011 0.007228 0.000731 0.000371 0.000498 0.010594 0.000211 0.002341 0.001781 0.000224 0.000930
0.001517 0.014698 0.006098 0.005013 0.026637 0.005490 0.010902 0.067955 0.005475 0.000917 0.007056 0.000725 0.006410 0.065371 0.002638 0.005546 0.040433 0.007142 0.060527 0.213140 0.029787 0.056714 0.316286 0.034521 0.001483 0.003638 0.003884
0.005594 0.003145 0.011485 0.386964 0.173163 0.361145 0.002061 0.004047 0.007156 0.003682 0.002601 0.003564 0.000434 0.000062 0.000070 0.002867 0.001022 0.005362 0.000276 0.000642 0.000668 0.012469 0.001843 0.008892 0.000230 0.000167 0.000389
0.001046 0.015752 0.002615 0.003013 0.042636 0.002599 0.000990 0.029105 0.003679 0.002466 0.046463 0.004110 0.000876 0.021822 0.002430 0.007832 0.029112 0.009015 0.048215 0.627825 0.051006 0.006257 0.032280 0.004216 0.000858 0.002955 0.000827
0.119196 0.067568 0.304058 0.064755 0.054176 0.197002 0.012543 0.037980 0.043643 0.005907 0.004599 0.009740 0.000543 0.000330 0.000692 0.007157 0.004718 0.034090 0.000477 0.001327 0.001800 0.008920 0.001121 0.015688 0.000490 0.000302 0.001176
0.385034 0.005798 0.039371 0.145388 0.001624 0.044939 0.066272 0.002449 0.011475 0.030970 0.000973 0.006304 0.009522 0.000677 0.004492 0.080748 0.001974 0.042197 0.014448 0.000779 0.005092 0.075844 0.000377 0.013743 0.004461 0.000155 0.004894
0.007694 0.008796 0.016293 0.005562 0.007173 0.003811 0.017716 0.022616 0.018406 0.373620 0.255723 0.144841 0.001444 0.007251 0.003018 0.036688 0.021419 0.007750 0.008035 0.014565 0.003571 0.002955 0.001230 0.001482 0.006717 0.000485 0.001141
0.000028 0.001479 0.000060 0.000075 0.004611 0.000102 0.000048 0.003270 0.000111 0.000202 0.020509 0.000318 0.000035 0.004571 0.000095 0.000411 0.027487 0.000322 0.008542 0.905709 0.008882 0.000208 0.011189 0.000252 0.000085 0.001297 0.000102
0.033427 0.041469 0.042186 0.013133 0.004612 0.006675 0.258461 0.271831 0.271736 0.002364 0.006606 0.002055 0.001518 0.004202 0.001513 0.002033 0.008996 0.004047 0.003805 0.007446 0.002137 0.002223 0.001850 0.003160 0.001381 0.000715 0.000419
0.000795 0.006640 0.003190 0.002452 0.040471 0.007626 0.002010 0.011311 0.012846 0.027351 0.611992 0.051991 0.000255 0.004301 0.000883 0.009371 0.054412 0.018331 0.013222 0.094763 0.016116 0.001645 0.003617 0.001778 0.000848 0.001001 0.000783
0.022805 0.008555 0.015444 0.004076 0.000538 0.004181 0.460987 0.067382 0.215612 0.007379 0.006343 0.005754 0.006912 0.014102 0.010722 0.014207 0.009990 0.017836 0.064405 0.013272 0.015215 0.003779 0.000706 0.001867 0.004515 0.001105 0.002312
0.015895 0.005838 0.005038 0.004877 0.000564 0.002633 0.508200 0.251079 0.171179 0.001394 0.001540 0.000713 0.002270 0.002473 0.002159 0.001715 0.003711 0.002763 0.006160 0.002339 0.001917 0.002367 0.000878 0.000582 0.001136 0.000256 0.000324
0.001165 0.016527 0.000695 0.001339 0.010957 0.001129 0.004851 0.202351 0.005106 0.000195 0.006261 0.000077 0.000397 0.004217 0.000210 0.000755 0.028228 0.000967 0.012531 0.612858 0.022138 0.002829 0.059105 0.001535 0.000286 0.003043 0.000245
0.002430 0.160479 0.009992 0.001301 0.196379 0.004730 0.000235 0.009224 0.001639 0.007177 0.260114 0.008084 0.000140 0.005904 0.000497 0.004088 0.158651 0.007455 0.000978 0.107872 0.004134 0.003079 0.038225 0.002919 0.000277 0.003757 0.000237
0.012262 0.246094 0.023732 0.010743 0.262629 0.026086 0.000766 0.009308 0.002580 0.016679 0.241209 0.027217 0.000110 0.001060 0.000389 0.007598 0.075952 0.013628 0.000304 0.009211 0.001402 0.001244 0.004932 0.002686 0.000294 0.001712 0.000175
0.012188 0.001464 0.001074 0.005427 0.000229 0.000237 0.769339 0.093842 0.021783 0.014770 0.002431 0.000610 0.005727 0.011572 0.001416 0.006262 0.002299 0.000675 0.031162 0.002344 0.001242 0.006899 0.001415 0.000277 0.004769 0.000375 0.000172
0.007097 0.018794 0.011807 0.017574 0.038566 0.014210 0.060425 0.177012 0.139043 0.008158 0.059713 0.008779 0.007365 0.055228 0.004609 0.003356 0.026971 0.006785 0.018753 0.146547 0.027312 0.031985 0.092118 0.010667 0.001781 0.002867 0.002478
0.001132 0.017233 0.002511 0.000579 0.002276 0.000488 0.018564 0.607389 0.031285 0.000169 0.002525 0.000224 0.003046 0.030926 0.003839 0.000299 0.006842 0.000741 0.008792 0.205747 0.020891 0.001492 0.026345 0.002496 0.000535 0.003250 0.000385
0.000369 0.003670 0.001106 0.000157 0.000507 0.000248 0.004671 0.103824 0.010415 0.000125 0.003093 0.000316 0.000623 0.010395 0.002505 0.000267 0.002637 0.000881 0.031759 0.709619 0.103947 0.000353 0.004477 0.000744 0.000345 0.002320 0.000628
0.087052 0.337997 0.057142 0.026656 0.042979 0.037776 0.048075 0.153656 0.049968 0.001194 0.007443 0.001847 0.001963 0.002354 0.001187 0.008508 0.040476 0.015782 0.002108 0.018544 0.004433 0.019275 0.017104 0.009647 0.001231 0.004575 0.001026
0.023259 0.013635 0.068162 0.005016 0.000707 0.024481 0.021902 0.015182 0.261011 0.002139 0.001790 0.024542 0.023882 0.037490 0.205611 0.004194 0.001814 0.029710 0.014284 0.014514 0.109856 0.013488 0.002797 0.054803 0.001424 0.000645 0.023662
0.000030 0.001392 0.000272 0.000031 0.000437 0.000104 0.000054 0.009553 0.000440 0.000023 0.000896 0.000105 0.000054 0.003122 0.000650 0.000039 0.001746 0.000239 0.003746 0.924866 0.047925 0.000078 0.002777 0.000665 0.000021 0.000505 0.000231
0.011856 0.009197 0.019668 0.002832 0.000466 0.005193 0.262279 0.167332 0.431796 0.001444 0.004079 0.005658 0.012976 0.007039 0.024873 0.001717 0.001839 0.002797 0.004696 0.007074 0.005196 0.002970 0.001440 0.001902 0.001513 0.000689 0.001479
0.013719 0.011668 0.009621 0.017140 0.080133 0.028030 0.003016 0.008811 0.012855 0.096807 0.541846 0.122920 0.000261 0.000381 0.000454 0.006263 0.024378 0.009706 0.000410 0.005440 0.000778 0.002023 0.000724 0.000926 0.000556 0.000793 0.000344
0.000470 0.002770 0.000168 0.000434 0.001587 0.000137 0.001246 0.019615 0.000579 0.000873 0.007510 0.000229 0.001518 0.119543 0.003087 0.002495 0.028045 0.000501 0.038406 0.729081 0.023506 0.002371 0.013190 0.000834 0.000429 0.001150 0.000226
0.038180 0.003060 0.006158 0.028151 0.001382 0.007419 0.473136 0.094888 0.130758 0.021470 0.010525 0.003666 0.052367 0.004889 0.011183 0.025559 0.006353 0.003916 0.031092 0.002250 0.001526 0.033444 0.000741 0.000794 0.004612 0.001299 0.001182
0.056051 0.003839 0.006292 0.020466 0.000433 0.001006 0.645309 0.112684 0.059403 0.005041 0.001441 0.000612 0.022783 0.003258 0.003012 0.011174 0.002653 0.001146 0.016228 0.002113 0.000867 0.018518 0.001270 0.000406 0.002849 0.000646 0.000499
0.001509 0.009235 0.001533 0.001302 0.022615 0.000924 0.006255 0.112116 0.005372 0.001336 0.037067 0.000857 0.006188 0.090121 0.004553 0.003094 0.041162 0.001336 0.012588 0.486092 0.010652 0.013757 0.120143 0.002041 0.001082 0.006380 0.000691
0.014154 0.010787 0.008738 0.003032 0.001828 0.001502 0.141846 0.299789 0.174720 0.035028 0.161117 0.027315 0.007047 0.020582 0.014224 0.005221 0.018925 0.002372 0.006480 0.029538 0.004341 0.002418 0.001447 0.000377 0.004701 0.001844 0.000626
0.005013 0.002807 0.016657 0.007486 0.004704 0.075090 0.002982 0.008931 0.065165 0.033302 0.082446 0.664228 0.000518 0.000379 0.003231 0.003902 0.002879 0.011917 0.000353 0.001215 0.002335 0.001205 0.000072 0.001491 0.000362 0.000159 0.001172
0.003248 0.018921 0.003478 0.000688 0.002290 0.001363 0.002040 0.009270 0.003513 0.001755 0.010205 0.012366 0.057276 0.454908 0.230994 0.010610 0.037724 0.013745 0.011416 0.038822 0.014229 0.010158 0.019608 0.017143 0.001446 0.003198 0.009586
0.002607 0.004251 0.008431 0.012263 0.039020 0.053652 0.002467 0.007678 0.013723 0.074944 0.395002 0.287983 0.001795 0.001213 0.004657 0.007559 0.020454 0.023927 0.003210 0.019840 0.005654 0.001022 0.000680 0.002519 0.001615 0.001146 0.002685
0.023601 0.023086 0.008179 0.003725 0.003603 0.001236 0.095898 0.108699 0.024733 0.113804 0.322453 0.064066 0.004167 0.014675 0.004184 0.034250 0.041954 0.006633 0.030525 0.043454 0.006531 0.004329 0.003989 0.000619 0.007345 0.003471 0.000791
0.001333 0.045102 0.046694 0.000595 0.002062 0.018126 0.001438 0.012874 0.065266 0.000204 0.002073 0.026717 0.007282 0.108991 0.345455 0.000454 0.004220 0.022177 0.002535 0.047910 0.120395 0.003668 0.009663 0.081148 0.000276 0.001172 0.022168
0.091672 0.171219 0.019899 0.024203 0.047066 0.006974 0.086268 0.266054 0.022191 0.008171 0.019685 0.004264 0.004475 0.005979 0.001710 0.011567 0.086736 0.009809 0.002388 0.010220 0.002066 0.035449 0.046297 0.007404 0.003230 0.004146 0.000858
0.110812 0.145018 0.021737 0.015741 0.006302 0.001331 0.172924 0.206724 0.067146 0.046173 0.100743 0.013616 0.003795 0.009712 0.003524 0.010190 0.030767 0.004412 0.003392 0.008377 0.002326 0.004883 0.003991 0.000434 0.004092 0.001495 0.000342
0.001529 0.043179 0.006349 0.001170 0.006063 0.003355 0.004322 0.030909 0.029734 0.003530 0.064105 0.020970 0.004030 0.260519 0.040679 0.002206 0.029210 0.008623 0.019197 0.293586 0.094801 0.002362 0.019741 0.004515 0.000660 0.001892 0.002762
0.016325 0.027291 0.125213 0.012571 0.009400 0.220329 0.002927 0.007333 0.087388 0.004710 0.006999 0.100429 0.004118 0.004316 0.024892 0.009084 0.009729 0.179485 0.004213 0.006305 0.051195 0.009414 0.000977 0.057085 0.000839 0.000769 0.016665
0.118199 0.188994 0.054110 0.038402 0.032487 0.015486 0.043627 0.032300 0.017017 0.074446 0.066122 0.034066 0.002578 0.005553 0.003157 0.070945 0.107237 0.046069 0.006932 0.006840 0.005536 0.009805 0.004895 0.006317 0.004813 0.002476 0.001591
0.009229 0.001373 0.001566 0.003685 0.000146 0.000455 0.790684 0.047666 0.056245 0.003726 0.001061 0.000952 0.009666 0.013398 0.003781 0.004500 0.001971 0.001838 0.030644 0.001484 0.003112 0.005702 0.001709 0.000858 0.003597 0.000427 0.000526
0.008364 0.007668 0.003252 0.008412 0.001012 0.000934 0.453107 0.375815 0.095283 0.001810 0.002294 0.000437 0.004319 0.004783 0.001200 0.001243 0.004632 0.001221 0.006719 0.004256 0.001784 0.004145 0.004331 0.000593 0.001531 0.000648 0.000208
0.084597 0.011388 0.007117 0.242949 0.028481 0.007480 0.116765 0.037087 0.012961 0.022631 0.006928 0.001411 0.029656 0.007578 0.000976 0.023381 0.011309 0.004157 0.007771 0.002582 0.001012 0.276024 0.041210 0.009415 0.003482 0.001151 0.000502
0.000032 0.002846 0.000065 0.000082 0.005996 0.000078 0.000072 0.009834 0.000243 0.000055 0.009831 0.000106 0.000080 0.006127 0.000075 0.000124 0.010310 0.000186 0.003326 0.911406 0.012117 0.000170 0.024253 0.000284 0.000058 0.002183 0.000061
0.060267 0.527793 0.093030 0.015577 0.030130 0.007539 0.035101 0.138097 0.040939 0.001103 0.005906 0.001458 0.000544 0.001182 0.000365 0.001480 0.014341 0.003195 0.000270 0.003023 0.000612 0.002553 0.007158 0.005378 0.000724 0.002056 0.000182
0.011182 0.003194 0.007698 0.065888 0.004609 0.015871 0.064424 0.026940 0.069184 0.015842 0.008470 0.013268 0.064038 0.075392 0.026129 0.043946 0.013243 0.028219 0.243015 0.030076 0.047312 0.063885 0.009775 0.031476 0.007152 0.001796 0.007973
0.011769 0.087205 0.003240 0.002920 0.011010 0.000995 0.019720 0.085051 0.018925 0.015952 0.122392 0.009897 0.003049 0.023517 0.001782 0.035238 0.296265 0.012447 0.039094 0.138290 0.016522 0.002333 0.011742 0.002389 0.009616 0.017241 0.001399
0.005689 0.004241 0.003849 0.043126 0.019099 0.011004 0.010129 0.010819 0.006145 0.001628 0.003411 0.001315 0.247333 0.068775 0.043186 0.010802 0.008506 0.003644 0.019304 0.010603 0.004543 0.274127 0.113834 0.065486 0.001598 0.003153 0.004648
0.012309 0.004996 0.038723 0.016492 0.001442 0.031022 0.008589 0.005270 0.047408 0.015493 0.004049 0.079683 0.136985 0.007824 0.490523 0.010977 0.001095 0.027172 0.005101 0.001088 0.007126 0.004507 0.000413 0.011529 0.002741 0.000898 0.026546
0.012766 0.005749 0.003923 0.007370 0.001752 0.001138 0.037782 0.012801 0.003585 0.062985 0.014158 0.014272 0.286235 0.120842 0.115007 0.087625 0.027441 0.012866 0.072070 0.015647 0.005572 0.020716 0.005090 0.003912 0.022803 0.004361 0.021534
0.001034 0.067357 0.006376 0.001740 0.016974 0.002817 0.005351 0.200367 0.019057 0.000207 0.012950 0.001699 0.014951 0.073039 0.035900 0.000351 0.032460 0.002503 0.004218 0.331607 0.019174 0.002945 0.118084 0.010151 0.000753 0.012952 0.004980
0.020960 0.011560 0.017286 0.009610 0.001988 0.005501 0.046652 0.068908 0.079916 0.059813 0.075422 0.104628 0.041754 0.041295 0.129244 0.054793 0.024248 0.019844 0.050608 0.052562 0.031145 0.015878 0.001144 0.002355 0.016862 0.004537 0.011485
0.104955 0.640452 0.114489 0.006834 0.016515 0.006890 0.005943 0.028652 0.008112 0.000845 0.005026 0.002106 0.001204 0.001255 0.001141 0.002273 0.020114 0.002640 0.000114 0.002549 0.000474 0.006909 0.013205 0.004350 0.000417 0.001770 0.000766
0.001228 0.045188 0.013671 0.000453 0.000734 0.001576 0.017539 0.238939 0.079777 0.000238 0.003647 0.003892 0.015737 0.136425 0.151805 0.000476 0.009958 0.002633 0.009339 0.182656 0.045599 0.001276 0.013022 0.007580 0.001076 0.007694 0.007842
0.003039 0.004552 0.007524 0.012799 0.023675 0.030550 0.017484 0.032492 0.021891 0.002418 0.023936 0.014354 0.018161 0.013715 0.019190 0.005485 0.014353 0.021471 0.112567 0.344640 0.160309 0.019347 0.025134 0.011666 0.002633 0.012514 0.024102
0.010767 0.010452 0.004382 0.023816 0.002273 0.002243 0.362822 0.374734 0.066801 0.001932 0.001832 0.000341 0.029562 0.005377 0.003300 0.002816 0.005398 0.001995 0.019489 0.005877 0.003168 0.030226 0.017761 0.004517 0.002891 0.004272 0.000955
0.059087 0.035086 0.492832 0.018602 0.003987 0.081075 0.004465 0.002860 0.023124 0.006274 0.002838 0.042923 0.008400 0.001978 0.038163 0.008162 0.002918 0.082850 0.002457 0.002824 0.016531 0.008199 0.000607 0.038337 0.001151 0.000923 0.013346
0.000688 0.012322 0.011351 0.000654 0.001359 0.003894 0.005131 0.030064 0.015468 0.001113 0.004258 0.010091 0.030434 0.143052 0.141348 0.002178 0.011072 0.010875 0.045336 0.302704 0.148730 0.001593 0.006535 0.016106 0.001798 0.007080 0.034765
0.011707 0.019481 0.023920 0.012241 0.015315 0.038626 0.039949 0.155343 0.104368 0.033963 0.181483 0.150530 0.007853 0.006477 0.017166 0.018681 0.047704 0.041389 0.007144 0.018883 0.012333 0.007587 0.002726 0.006428 0.007346 0.005381 0.005977
