0.020172 0.176147 0.379386 0.013689 0.010188 0.115544 0.006957 0.020938 0.077186 0.004652 0.009661 0.053120 0.001213 0.001095 0.009400 0.003486 0.005596 0.043463 0.000827 0.003037 0.013985 0.001831 0.001296 0.013558 0.001385 0.002229 0.009959
0.152906 0.111786 0.067220 0.106895 0.058218 0.069337 0.044148 0.019844 0.029695 0.030971 0.016984 0.020977 0.005407 0.001902 0.002880 0.060967 0.043567 0.069221 0.003046 0.001241 0.003071 0.041609 0.004750 0.017164 0.007736 0.003283 0.005175
0.035797 0.267540 0.042096 0.008842 0.008991 0.002632 0.039327 0.279376 0.030997 0.001305 0.002097 0.001039 0.004256 0.030829 0.004420 0.003443 0.012722 0.004396 0.004433 0.028411 0.009958 0.026046 0.128534 0.011526 0.002189 0.006434 0.002366
0.005953 0.004235 0.002423 0.039036 0.014256 0.004299 0.061569 0.035911 0.009876 0.003129 0.002706 0.000485 0.052117 0.050379 0.006335 0.008378 0.018089 0.006122 0.049494 0.012027 0.011678 0.371867 0.184356 0.029965 0.005430 0.005662 0.004225
0.035928 0.184798 0.019792 0.005386 0.002806 0.001669 0.147686 0.110104 0.142183 0.019790 0.031868 0.013870 0.018856 0.057346 0.031192 0.015369 0.056482 0.012239 0.012852 0.015103 0.011695 0.006101 0.007458 0.002749 0.017141 0.015163 0.004373
0.001084 0.003416 0.007462 0.003042 0.001747 0.018014 0.123913 0.109065 0.596717 0.001066 0.010577 0.034073 0.005694 0.009624 0.018273 0.000351 0.001844 0.006736 0.003575 0.005973 0.024437 0.001112 0.002110 0.003742 0.001264 0.001272 0.003818
0.076597 0.024131 0.094195 0.013978 0.001338 0.028298 0.216360 0.065398 0.411870 0.005314 0.005604 0.032125 0.001660 0.000601 0.004020 0.002078 0.001126 0.005653 0.000478 0.000565 0.001715 0.002180 0.000419 0.001384 0.001271 0.000458 0.001183
0.018170 0.276979 0.017225 0.004244 0.018023 0.001466 0.023744 0.312749 0.022177 0.006394 0.045414 0.003387 0.001204 0.014793 0.001722 0.001422 0.041237 0.001724 0.001854 0.112789 0.006654 0.003742 0.052651 0.001380 0.001371 0.006937 0.000549
0.005417 0.158642 0.002837 0.002406 0.115426 0.001310 0.000705 0.016851 0.001195 0.003951 0.076764 0.002249 0.001303 0.049227 0.002392 0.005132 0.198835 0.003980 0.001267 0.063242 0.002629 0.018720 0.251132 0.004016 0.000799 0.009324 0.000251
0.018688 0.012930 0.385523 0.002268 0.000608 0.021540 0.008444 0.011657 0.202411 0.001654 0.002515 0.031342 0.005557 0.007029 0.161982 0.001051 0.000671 0.043128 0.001792 0.002965 0.024802 0.003845 0.000405 0.029925 0.000851 0.001086 0.015332
0.124285 0.017522 0.039699 0.180181 0.020220 0.045203 0.039538 0.013768 0.017858 0.171007 0.017953 0.041533 0.007003 0.001414 0.003856 0.134502 0.020100 0.052911 0.003449 0.000807 0.001423 0.022655 0.000372 0.007072 0.011873 0.000882 0.002914
0.005998 0.036565 0.001094 0.015934 0.152427 0.001681 0.004147 0.014948 0.000790 0.007327 0.085152 0.002269 0.001909 0.017903 0.000426 0.059663 0.204715 0.007083 0.029784 0.085602 0.005467 0.045337 0.189601 0.004245 0.003738 0.015714 0.000481
0.006300 0.025993 0.002028 0.002139 0.002298 0.000230 0.137096 0.461242 0.022987 0.004255 0.009806 0.001015 0.010230 0.143600 0.009627 0.003322 0.033135 0.001311 0.025545 0.046544 0.008905 0.004864 0.023508 0.001689 0.005064 0.006716 0.000553
0.004900 0.039838 0.003111 0.014402 0.055001 0.006828 0.006728 0.020843 0.007942 0.004545 0.050867 0.003205 0.007228 0.056489 0.005636 0.005763 0.071291 0.008469 0.024200 0.292143 0.052016 0.072556 0.155542 0.009489 0.001888 0.014822 0.004259
0.026625 0.008057 0.006869 0.584345 0.090376 0.086903 0.005132 0.003639 0.002414 0.006282 0.001145 0.000797 0.006770 0.000668 0.000491 0.028007 0.004534 0.009914 0.002426 0.000571 0.001115 0.091207 0.005303 0.022051 0.001689 0.001446 0.001225
0.551497 0.092996 0.103971 0.066525 0.010055 0.007025 0.016593 0.002360 0.004109 0.046483 0.008522 0.013325 0.003011 0.001995 0.001858 0.031258 0.009701 0.008793 0.001099 0.000451 0.000629 0.007107 0.001087 0.003216 0.004467 0.000955 0.000913
0.013342 0.024594 0.022703 0.010722 0.002041 0.002477 0.307094 0.276085 0.220584 0.011059 0.010290 0.009591 0.004862 0.017916 0.005501 0.003453 0.014979 0.003806 0.009908 0.006401 0.004807 0.003033 0.003658 0.002265 0.004801 0.002204 0.001826
0.014952 0.087517 0.090840 0.072733 0.185810 0.297554 0.003895 0.015270 0.037904 0.013118 0.045666 0.070282 0.000369 0.000333 0.000685 0.004397 0.010038 0.025712 0.000237 0.002741 0.003587 0.002678 0.002359 0.009297 0.000320 0.000723 0.000984
0.516321 0.014717 0.034974 0.064648 0.001557 0.009149 0.109866 0.006001 0.012732 0.042425 0.001613 0.004976 0.009895 0.001124 0.003856 0.089081 0.002543 0.011310 0.002827 0.000219 0.000723 0.048258 0.000623 0.004270 0.005267 0.000265 0.000761
0.003422 0.043566 0.007132 0.002059 0.011072 0.000880 0.010381 0.491742 0.010994 0.001221 0.004784 0.000602 0.001398 0.040366 0.001315 0.001096 0.020412 0.000875 0.004506 0.237663 0.010345 0.005969 0.081122 0.002756 0.000917 0.002841 0.000566
0.000060 0.002603 0.000223 0.000246 0.003763 0.000218 0.000478 0.013881 0.002265 0.001670 0.103390 0.003147 0.000065 0.004089 0.000205 0.000908 0.015242 0.001031 0.028478 0.762733 0.047825 0.000176 0.003217 0.000117 0.000331 0.003351 0.000289
0.025156 0.248066 0.310326 0.016705 0.011060 0.027780 0.027406 0.098306 0.151873 0.001272 0.004627 0.003466 0.001283 0.002503 0.001911 0.001340 0.007624 0.010567 0.000770 0.006486 0.005620 0.004765 0.005241 0.021449 0.000867 0.002085 0.001447
0.003437 0.074777 0.007516 0.008233 0.170511 0.008492 0.009352 0.070131 0.013302 0.005571 0.096989 0.007095 0.002148 0.026023 0.001514 0.004098 0.151595 0.008493 0.004053 0.099966 0.011020 0.012119 0.184556 0.013013 0.001385 0.003909 0.000699
0.013078 0.069737 0.136424 0.003277 0.004489 0.033416 0.002398 0.020451 0.069444 0.000838 0.002273 0.022393 0.015335 0.043328 0.376820 0.001696 0.003998 0.023681 0.001643 0.016568 0.043184 0.007730 0.004737 0.068960 0.000590 0.001129 0.012384
0.001509 0.005726 0.004517 0.001577 0.004742 0.001797 0.003882 0.021611 0.002255 0.004286 0.007139 0.004364 0.044755 0.305432 0.129711 0.009406 0.038838 0.010711 0.053021 0.206496 0.055944 0.013580 0.029376 0.014657 0.003969 0.005489 0.015212
0.042839 0.007237 0.043994 0.020282 0.001743 0.027386 0.103653 0.019975 0.148585 0.038097 0.014079 0.090028 0.111780 0.008119 0.156426 0.032908 0.005049 0.041112 0.011516 0.001443 0.005835 0.020033 0.000516 0.007130 0.012568 0.002144 0.025523
0.013126 0.001895 0.005006 0.014234 0.000827 0.001463 0.453195 0.236735 0.038974 0.006629 0.001760 0.001721 0.046411 0.009144 0.008207 0.011333 0.003110 0.002726 0.079136 0.017718 0.006535 0.019504 0.002275 0.002568 0.009410 0.002618 0.003739
0.012818 0.008466 0.002840 0.007728 0.002100 0.000593 0.124346 0.151265 0.013046 0.004169 0.006718 0.000936 0.138806 0.076915 0.022736 0.030520 0.035183 0.004068 0.137197 0.092599 0.015775 0.047056 0.021969 0.003971 0.013467 0.019456 0.005256
0.015414 0.013344 0.043035 0.149679 0.027792 0.385753 0.002730 0.003108 0.016880 0.007588 0.004855 0.040927 0.015543 0.001664 0.017848 0.039608 0.004287 0.088894 0.008126 0.003374 0.027640 0.012051 0.001312 0.038665 0.001628 0.002187 0.026068
0.035073 0.002328 0.005946 0.234649 0.007451 0.030111 0.045839 0.003315 0.007905 0.018472 0.003265 0.006667 0.187591 0.003984 0.029473 0.138099 0.006336 0.043389 0.041746 0.000623 0.001977 0.099871 0.002110 0.013888 0.011284 0.001667 0.016942
0.206498 0.034683 0.055841 0.213877 0.012789 0.021559 0.210375 0.036123 0.029574 0.034659 0.007175 0.009910 0.020848 0.002227 0.004243 0.024295 0.004169 0.010430 0.007854 0.000937 0.001292 0.034981 0.003282 0.004887 0.003638 0.000932 0.002922
0.022959 0.001829 0.002186 0.242376 0.023231 0.004959 0.036230 0.006059 0.001633 0.020297 0.003545 0.000443 0.019037 0.003853 0.000492 0.089955 0.011570 0.004308 0.037969 0.002353 0.000780 0.435781 0.012934 0.007059 0.006584 0.000880 0.000701
0.053733 0.003987 0.004787 0.034329 0.001904 0.001133 0.482625 0.026476 0.031176 0.082215 0.008046 0.004858 0.045048 0.008537 0.003753 0.084477 0.009084 0.004397 0.062642 0.001074 0.000742 0.023436 0.001817 0.001103 0.016747 0.000942 0.000933
0.003682 0.016399 0.022119 0.004212 0.001798 0.003623 0.115267 0.379225 0.422007 0.001177 0.004152 0.002653 0.001310 0.001964 0.001096 0.000300 0.002037 0.000977 0.001303 0.005808 0.002161 0.000863 0.003310 0.001361 0.000340 0.000441 0.000417
0.000129 0.016481 0.000428 0.000140 0.010121 0.000159 0.000137 0.016508 0.000567 0.000178 0.012150 0.000219 0.000114 0.013460 0.000345 0.000184 0.021995 0.000509 0.002595 0.841495 0.009236 0.000646 0.049815 0.000631 0.000071 0.001555 0.000134
0.004243 0.047350 0.014065 0.058637 0.543344 0.081424 0.000697 0.005818 0.004176 0.004309 0.027020 0.002935 0.001408 0.003024 0.000632 0.007761 0.048880 0.020957 0.002169 0.010919 0.004687 0.024315 0.041805 0.033796 0.000369 0.003699 0.001561
0.033002 0.789856 0.068149 0.005661 0.006002 0.001288 0.003899 0.058675 0.009551 0.000801 0.002398 0.000506 0.000182 0.001176 0.000322 0.000813 0.004854 0.001225 0.000141 0.002585 0.000756 0.000448 0.005126 0.001155 0.000277 0.001018 0.000133
0.004440 0.004550 0.009357 0.003123 0.000272 0.002542 0.254178 0.090208 0.532781 0.002106 0.002469 0.003992 0.004491 0.017919 0.014021 0.001273 0.002100 0.003378 0.016679 0.006098 0.014799 0.001002 0.001278 0.001573 0.002712 0.000678 0.001982
0.023964 0.016022 0.005939 0.010434 0.006804 0.001268 0.105696 0.136592 0.030256 0.104848 0.152297 0.014187 0.006808 0.053707 0.007265 0.030705 0.056616 0.004442 0.042677 0.123594 0.013844 0.017638 0.014214 0.001136 0.012366 0.005125 0.001553
0.029622 0.037854 0.021184 0.021335 0.013054 0.024023 0.098381 0.156697 0.172487 0.036091 0.111560 0.034014 0.010878 0.014761 0.010108 0.035551 0.087857 0.021437 0.010038 0.014251 0.005458 0.015302 0.003262 0.004363 0.004580 0.004290 0.001564
0.004970 0.051889 0.002896 0.007164 0.109922 0.004118 0.001601 0.016292 0.003537 0.023688 0.473388 0.022716 0.000767 0.006891 0.000835 0.017733 0.187840 0.007502 0.002078 0.029388 0.001916 0.004341 0.012965 0.001204 0.001011 0.003165 0.000184
0.001231 0.012019 0.000440 0.005367 0.093621 0.002500 0.000403 0.005961 0.000665 0.000444 0.034110 0.000485 0.000942 0.016470 0.000510 0.004399 0.089721 0.003953 0.032364 0.440658 0.029118 0.017162 0.189667 0.010280 0.000384 0.006728 0.000399
0.331631 0.070596 0.123800 0.171954 0.069064 0.104630 0.007120 0.013169 0.012225 0.015862 0.006780 0.009458 0.001104 0.000393 0.000506 0.007219 0.005216 0.006262 0.000195 0.000635 0.000721 0.011145 0.002378 0.026290 0.000560 0.000674 0.000409
0.001189 0.081170 0.004498 0.001149 0.023360 0.002629 0.000500 0.019885 0.004705 0.000228 0.008809 0.000791 0.000120 0.010263 0.000530 0.000462 0.021152 0.004207 0.005617 0.681416 0.065730 0.000782 0.050114 0.004920 0.000188 0.004809 0.000776
0.444933 0.052375 0.056902 0.088582 0.022815 0.024036 0.014621 0.011573 0.010819 0.043882 0.007521 0.009548 0.006363 0.001764 0.003154 0.111517 0.013974 0.014895 0.002004 0.001118 0.000818 0.046748 0.001029 0.004713 0.002891 0.000878 0.000526
0.000743 0.001079 0.000501 0.001128 0.000634 0.000380 0.010962 0.072617 0.004043 0.000759 0.001609 0.000191 0.001865 0.016248 0.001143 0.002521 0.004442 0.000943 0.248387 0.538187 0.078026 0.002962 0.005594 0.001828 0.000972 0.001428 0.000808
0.037334 0.037261 0.103437 0.006126 0.002295 0.030603 0.024080 0.009555 0.082470 0.045008 0.054880 0.213087 0.011776 0.019489 0.089523 0.028237 0.021767 0.067563 0.016949 0.019617 0.034098 0.008578 0.000475 0.010208 0.005434 0.002183 0.017967
0.009522 0.043999 0.002256 0.002583 0.019944 0.000919 0.003127 0.008818 0.000929 0.038247 0.143033 0.009837 0.007142 0.046576 0.005917 0.125356 0.396657 0.008920 0.015585 0.041232 0.002528 0.019725 0.027137 0.002958 0.006997 0.008805 0.001250
0.001452 0.004776 0.003768 0.000691 0.000681 0.004608 0.001771 0.002678 0.008494 0.000895 0.001938 0.008678 0.076229 0.147906 0.567555 0.005113 0.007847 0.011199 0.018978 0.021266 0.035643 0.010219 0.003480 0.033397 0.001200 0.001856 0.017684
0.029402 0.005594 0.003267 0.100979 0.013201 0.005366 0.085525 0.031012 0.003943 0.011243 0.003130 0.000857 0.149752 0.007105 0.004295 0.126993 0.031470 0.010173 0.066020 0.005828 0.001752 0.238425 0.021718 0.014866 0.017089 0.006208 0.004785
0.014516 0.016587 0.786758 0.004093 0.000682 0.026451 0.002855 0.002996 0.028704 0.000401 0.000444 0.006618 0.002642 0.000779 0.015712 0.000463 0.000205 0.013639 0.000934 0.001514 0.008966 0.001003 0.000532 0.048405 0.000228 0.000428 0.013447
0.181391 0.202758 0.222461 0.046894 0.063465 0.037676 0.006646 0.010324 0.007844 0.007118 0.021939 0.013310 0.003317 0.001050 0.001620 0.013061 0.036353 0.014050 0.000822 0.004573 0.001673 0.034957 0.016569 0.040002 0.001934 0.003721 0.004475
0.027318 0.001208 0.006662 0.091749 0.001292 0.008301 0.397511 0.034947 0.022361 0.023182 0.002047 0.002193 0.028675 0.003450 0.002372 0.045786 0.002750 0.007862 0.096935 0.002045 0.002874 0.153690 0.006187 0.016377 0.009089 0.000916 0.002221
0.137023 0.009778 0.021142 0.030971 0.000936 0.002482 0.489801 0.071681 0.061773 0.017878 0.003369 0.004519 0.046886 0.006486 0.009645 0.020429 0.002404 0.003565 0.009882 0.000913 0.000800 0.034784 0.002659 0.002010 0.006085 0.000699 0.001400
0.652122 0.053757 0.110152 0.058674 0.007057 0.011683 0.018011 0.004919 0.003114 0.003252 0.000861 0.000960 0.002583 0.000442 0.000532 0.012871 0.003109 0.006848 0.000501 0.000360 0.000447 0.036087 0.002154 0.006977 0.001046 0.000511 0.000970
0.004755 0.003245 0.001383 0.001217 0.002244 0.000193 0.008300 0.017935 0.001350 0.211857 0.216228 0.014297 0.002292 0.027762 0.001969 0.083363 0.033649 0.002811 0.206137 0.123790 0.009272 0.007295 0.002863 0.000305 0.009997 0.004464 0.001028
0.002501 0.001769 0.002278 0.009345 0.003177 0.001883 0.030803 0.026892 0.011355 0.004664 0.010646 0.000854 0.123304 0.199808 0.079510 0.011050 0.018284 0.001312 0.212781 0.075129 0.018082 0.102780 0.030377 0.007313 0.003905 0.005713 0.004485
0.000274 0.003771 0.000557 0.000458 0.001513 0.000549 0.002240 0.018538 0.003555 0.000113 0.003073 0.000231 0.022250 0.058333 0.023259 0.000849 0.010340 0.000725 0.046611 0.566561 0.138289 0.013222 0.059340 0.009109 0.000883 0.009860 0.005496
0.001163 0.004340 0.001738 0.008502 0.002312 0.002722 0.061093 0.073703 0.032088 0.002232 0.005873 0.001039 0.220061 0.055315 0.071603 0.008008 0.010431 0.002343 0.128219 0.036907 0.057852 0.126863 0.040716 0.011418 0.005304 0.016883 0.011272
0.024076 0.036271 0.041532 0.410068 0.066322 0.197836 0.009729 0.016223 0.014918 0.023706 0.015404 0.024849 0.007095 0.000919 0.003814 0.033095 0.006662 0.022077 0.002703 0.002316 0.006276 0.014909 0.002161 0.004348 0.001943 0.004205 0.006544
0.006823 0.137503 0.053232 0.037132 0.264741 0.107257 0.000380 0.002346 0.003019 0.009743 0.051850 0.068381 0.001866 0.004026 0.006357 0.018600 0.024455 0.053608 0.002062 0.010842 0.018361 0.021970 0.021815 0.042410 0.001328 0.014862 0.015032
0.051383 0.004486 0.060401 0.031321 0.001491 0.040848 0.029987 0.003988 0.028000 0.011194 0.001447 0.011773 0.122684 0.008893 0.389586 0.017555 0.001061 0.031335 0.006101 0.000717 0.006420 0.057650 0.002094 0.021044 0.004340 0.001059 0.053144
0.002677 0.005488 0.015767 0.003693 0.000631 0.001979 0.053991 0.664315 0.129938 0.003187 0.001804 0.003350 0.007791 0.009148 0.029339 0.000842 0.002381 0.002749 0.008932 0.030088 0.009273 0.001321 0.000708 0.002565 0.001249 0.000993 0.005804
0.036425 0.014689 0.006511 0.207557 0.101472 0.014521 0.031589 0.024061 0.003034 0.004783 0.007954 0.000640 0.014593 0.003386 0.000635 0.031468 0.028497 0.008069 0.014682 0.016298 0.002399 0.337748 0.067664 0.014938 0.002628 0.002582 0.001176
0.006072 0.007020 0.001102 0.021828 0.021811 0.000962 0.015457 0.017818 0.002131 0.003022 0.006876 0.000225 0.129352 0.171319 0.011592 0.023198 0.054617 0.002013 0.116726 0.052689 0.005470 0.165785 0.129990 0.016381 0.005618 0.008370 0.002554
0.055271 0.003879 0.005599 0.547269 0.051947 0.027227 0.030203 0.008244 0.003400 0.029245 0.003589 0.001088 0.034147 0.000908 0.000692 0.040470 0.004661 0.005235 0.006033 0.000331 0.000364 0.122069 0.005170 0.005922 0.004764 0.001161 0.001112
0.123579 0.038256 0.070004 0.115950 0.041608 0.024871 0.009481 0.004112 0.005237 0.332060 0.062340 0.087376 0.002478 0.000650 0.000977 0.038922 0.005723 0.013372 0.001222 0.000564 0.000829 0.009439 0.000922 0.002043 0.004119 0.002066 0.001801
0.022316 0.004977 0.009219 0.215328 0.018933 0.023002 0.180266 0.029631 0.014096 0.075194 0.026685 0.006414 0.041045 0.023646 0.006724 0.047460 0.025225 0.010515 0.052017 0.007557 0.004078 0.116069 0.016137 0.009113 0.010035 0.001557 0.002761
0.106170 0.003625 0.006301 0.044051 0.000860 0.001172 0.584895 0.039785 0.020312 0.049647 0.003412 0.001744 0.015063 0.003693 0.001484 0.041590 0.004599 0.002441 0.020150 0.000919 0.000511 0.035158 0.001201 0.000637 0.009716 0.000328 0.000536
0.003133 0.004407 0.002106 0.004376 0.000931 0.000762 0.037443 0.059458 0.009095 0.000856 0.001087 0.000229 0.006995 0.021991 0.002281 0.012126 0.010161 0.003366 0.415842 0.308851 0.071537 0.007646 0.005525 0.002809 0.002582 0.002256 0.002148
0.122578 0.114721 0.423962 0.013349 0.002287 0.028062 0.025661 0.024181 0.066919 0.004892 0.003384 0.012491 0.005469 0.004347 0.021236 0.008918 0.006142 0.040218 0.006656 0.011855 0.017711 0.007135 0.000964 0.012576 0.002259 0.001513 0.010514
0.047618 0.561710 0.106413 0.003354 0.009427 0.002611 0.010816 0.050112 0.012548 0.003395 0.011339 0.004215 0.001153 0.009461 0.002387 0.005111 0.052627 0.008016 0.002617 0.044429 0.006046 0.004234 0.023396 0.008244 0.001851 0.004103 0.002766
0.054676 0.096823 0.179270 0.008056 0.005232 0.025133 0.024801 0.021162 0.107077 0.040368 0.051870 0.180996 0.002596 0.008810 0.024507 0.018997 0.025424 0.067603 0.005251 0.011637 0.016440 0.003577 0.000963 0.008226 0.003229 0.000973 0.006304
0.005819 0.025427 0.041997 0.020719 0.021321 0.142791 0.010916 0.047633 0.101918 0.007525 0.030540 0.100583 0.010481 0.030775 0.038920 0.015449 0.022893 0.081293 0.013484 0.046884 0.059001 0.018256 0.008407 0.079597 0.001654 0.001231 0.014486
0.003356 0.000247 0.001359 0.016233 0.001446 0.001961 0.003575 0.001463 0.003221 0.801087 0.046810 0.076767 0.000722 0.000418 0.000403 0.026686 0.002987 0.003525 0.002370 0.000492 0.000273 0.002151 0.000019 0.000142 0.002043 0.000061 0.000179
0.000072 0.002268 0.000067 0.000097 0.002204 0.000067 0.000124 0.004120 0.000137 0.000144 0.006116 0.000130 0.000281 0.028517 0.000631 0.000992 0.049622 0.000353 0.013340 0.861520 0.010766 0.000397 0.015501 0.000502 0.000222 0.001671 0.000141
0.000644 0.001087 0.001093 0.000385 0.000235 0.000622 0.000466 0.001574 0.001728 0.000427 0.000498 0.000957 0.106454 0.050809 0.790383 0.002499 0.001460 0.002007 0.007667 0.005269 0.005091 0.005736 0.001195 0.004949 0.000573 0.001428 0.004761
0.055749 0.010901 0.008779 0.319575 0.010278 0.025577 0.031600 0.008682 0.006679 0.037451 0.004749 0.006297 0.193841 0.004501 0.031432 0.119378 0.011113 0.021967 0.019634 0.001379 0.002010 0.035919 0.001215 0.004883 0.012490 0.003346 0.010577
0.027694 0.103041 0.016637 0.094965 0.164613 0.040433 0.009394 0.012662 0.004551 0.020879 0.078641 0.019852 0.030143 0.007981 0.014335 0.084104 0.115109 0.048520 0.013957 0.016106 0.005076 0.014295 0.014351 0.015488 0.006238 0.012012 0.008921
0.006997 0.004170 0.001577 0.005246 0.000864 0.000189 0.076917 0.501280 0.015131 0.017183 0.020504 0.003389 0.009024 0.017235 0.008108 0.007288 0.009112 0.000865 0.101581 0.170156 0.011528 0.000967 0.001529 0.000283 0.005311 0.002602 0.000965
0.023994 0.344426 0.025090 0.018796 0.315549 0.051026 0.003787 0.023565 0.004578 0.001399 0.032853 0.003679 0.000671 0.001272 0.000474 0.005129 0.067930 0.010261 0.000557 0.015341 0.001298 0.008060 0.029060 0.006339 0.000330 0.003898 0.000640
0.636814 0.091800 0.172549 0.017490 0.003501 0.010808 0.013023 0.007643 0.007475 0.006480 0.002373 0.003555 0.001346 0.000395 0.001607 0.009064 0.002841 0.004602 0.000217 0.000325 0.000232 0.003180 0.000312 0.001203 0.000578 0.000210 0.000378
0.000060 0.007425 0.000678 0.000074 0.003123 0.000369 0.000088 0.022467 0.000497 0.000090 0.006103 0.000192 0.000027 0.002314 0.000188 0.000106 0.007264 0.000316 0.002728 0.924236 0.010937 0.000172 0.008636 0.000251 0.000039 0.001484 0.000138
0.019669 0.392292 0.087602 0.001021 0.003912 0.001763 0.006125 0.180300 0.027440 0.002452 0.019296 0.005427 0.000426 0.018968 0.007305 0.001626 0.028109 0.007211 0.002687 0.151025 0.016267 0.002628 0.006603 0.002881 0.001071 0.004683 0.001211
0.080952 0.411625 0.092922 0.008538 0.054908 0.015045 0.013186 0.069795 0.013477 0.002198 0.011230 0.003636 0.001512 0.005857 0.001790 0.006134 0.074315 0.018787 0.000894 0.013737 0.002654 0.026109 0.049088 0.017219 0.001024 0.002352 0.001018
0.009441 0.017731 0.006153 0.002171 0.002283 0.000767 0.022170 0.037071 0.010593 0.002285 0.003528 0.001451 0.090159 0.511154 0.091475 0.009511 0.024228 0.004046 0.020717 0.027523 0.006284 0.034976 0.047976 0.006109 0.003841 0.002933 0.003426
0.016007 0.008485 0.061086 0.016085 0.008272 0.151426 0.017900 0.016064 0.145092 0.060986 0.059833 0.294414 0.001255 0.000850 0.005109 0.015727 0.009368 0.067946 0.004964 0.008053 0.014206 0.003367 0.000219 0.003907 0.002421 0.000775 0.006181
0.000173 0.000940 0.000184 0.000499 0.001130 0.000287 0.001333 0.009014 0.000464 0.000052 0.000695 0.000031 0.000855 0.019132 0.000769 0.000904 0.005167 0.000697 0.103435 0.734840 0.081905 0.004238 0.027738 0.003580 0.000209 0.001130 0.000600
0.000467 0.003528 0.000564 0.000682 0.008027 0.000841 0.005636 0.030683 0.009326 0.010498 0.289089 0.003179 0.004391 0.023471 0.008779 0.007566 0.056851 0.001621 0.095367 0.390592 0.024013 0.001356 0.006344 0.000462 0.002358 0.013683 0.000625
0.007524 0.000898 0.001740 0.010843 0.000820 0.001237 0.354680 0.060690 0.050803 0.012090 0.008277 0.001824 0.117186 0.019607 0.021542 0.047431 0.007718 0.002725 0.193842 0.005154 0.003374 0.049905 0.001951 0.000549 0.009892 0.005550 0.002148
0.057714 0.523576 0.098948 0.017537 0.018673 0.014976 0.012153 0.129004 0.042884 0.001113 0.011576 0.002387 0.001233 0.001443 0.002384 0.002261 0.015103 0.002457 0.000482 0.017207 0.002113 0.006313 0.008663 0.001272 0.000527 0.006904 0.001098
0.039418 0.007966 0.016584 0.050958 0.002142 0.004470 0.393677 0.114595 0.098899 0.135226 0.031831 0.015636 0.003566 0.000664 0.002053 0.035721 0.010278 0.004613 0.010026 0.001544 0.001005 0.009530 0.000352 0.000302 0.007089 0.001339 0.000515
0.009009 0.008820 0.887481 0.003694 0.000388 0.031063 0.001308 0.001470 0.018926 0.000271 0.000266 0.009119 0.000304 0.000096 0.004740 0.000177 0.000100 0.005672 0.000088 0.000379 0.002548 0.000395 0.000094 0.011343 0.000047 0.000058 0.002147
0.134157 0.006006 0.022181 0.566734 0.018531 0.053101 0.011849 0.003750 0.003444 0.007641 0.000802 0.001665 0.007507 0.000316 0.001721 0.063400 0.003772 0.020173 0.003765 0.000438 0.001000 0.038853 0.000428 0.024064 0.002833 0.000251 0.001616
0.024160 0.003361 0.032574 0.010411 0.000855 0.018207 0.013786 0.001376 0.024447 0.039824 0.011194 0.121401 0.053562 0.008532 0.298758 0.140813 0.003528 0.081547 0.016421 0.001312 0.008533 0.035001 0.000301 0.008547 0.006448 0.000572 0.034530
0.019507 0.005742 0.003836 0.016943 0.002060 0.000604 0.379182 0.129598 0.003606 0.006392 0.001314 0.000168 0.083054 0.021236 0.004883 0.039025 0.016313 0.001794 0.053164 0.007878 0.001222 0.141960 0.036445 0.006434 0.012373 0.003008 0.002258
0.043639 0.033463 0.025561 0.019737 0.001112 0.001364 0.365747 0.423692 0.054830 0.001908 0.001365 0.000463 0.001947 0.000967 0.000635 0.002705 0.002704 0.001440 0.003732 0.002470 0.000522 0.004574 0.002374 0.000497 0.001413 0.000808 0.000330
0.110082 0.020689 0.008737 0.044237 0.004937 0.001442 0.039124 0.002977 0.003831 0.050895 0.014553 0.003651 0.037129 0.009005 0.006474 0.447093 0.059902 0.021743 0.036731 0.001765 0.000967 0.054374 0.001770 0.001945 0.012531 0.001553 0.001864
0.350086 0.060654 0.409380 0.041371 0.007500 0.025913 0.008221 0.008142 0.007621 0.019782 0.003850 0.016694 0.000509 0.000153 0.000573 0.017148 0.002720 0.012117 0.000191 0.000182 0.000328 0.002075 0.000180 0.002087 0.000879 0.000400 0.001246
0.008582 0.067210 0.190861 0.028732 0.043313 0.299136 0.001136 0.002264 0.018533 0.010230 0.028266 0.196185 0.000380 0.000230 0.001498 0.008477 0.006790 0.055474 0.000545 0.002322 0.004257 0.001888 0.001123 0.015883 0.000370 0.000800 0.005514
0.004207 0.075653 0.006942 0.001781 0.002822 0.000526 0.029791 0.780676 0.019164 0.000789 0.002407 0.000424 0.001035 0.010815 0.001632 0.000676 0.010731 0.000895 0.001698 0.016485 0.002476 0.001637 0.021942 0.001396 0.000571 0.002534 0.000294
0.064491 0.006601 0.007203 0.018164 0.000498 0.001270 0.736506 0.075385 0.045491 0.003946 0.000941 0.000479 0.004527 0.000911 0.001094 0.009725 0.001642 0.002637 0.005847 0.000599 0.000681 0.007318 0.000590 0.000359 0.002458 0.000356 0.000281
0.025370 0.217551 0.038786 0.017979 0.037326 0.009000 0.130723 0.343430 0.081890 0.002303 0.011422 0.002086 0.001813 0.003027 0.000581 0.001778 0.023041 0.003618 0.001007 0.007730 0.001653 0.003822 0.027708 0.003014 0.000748 0.002095 0.000498
0.001818 0.004618 0.006076 0.002796 0.000562 0.001575 0.313805 0.224663 0.406385 0.000925 0.004135 0.001155 0.001268 0.001807 0.001483 0.000373 0.001768 0.001284 0.004948 0.008621 0.006499 0.000623 0.001031 0.000329 0.000732 0.000368 0.000352
0.000073 0.003128 0.000420 0.000255 0.001421 0.000233 0.000335 0.012331 0.001603 0.000041 0.001999 0.000061 0.000316 0.008263 0.000755 0.000136 0.002286 0.000363 0.011623 0.832400 0.080985 0.002178 0.035591 0.001574 0.000049 0.001115 0.000467
0.010891 0.008732 0.007411 0.017538 0.013547 0.007442 0.066925 0.114983 0.055003 0.223365 0.248318 0.027242 0.027010 0.013477 0.022349 0.027655 0.034549 0.005139 0.018377 0.012168 0.003955 0.018422 0.003125 0.001362 0.006125 0.003930 0.000959
0.012845 0.002432 0.019145 0.431282 0.019432 0.192597 0.008334 0.003822 0.023527 0.026484 0.008683 0.026483 0.020736 0.002197 0.005549 0.071340 0.002216 0.021089 0.018366 0.002695 0.010374 0.045577 0.001295 0.015468 0.002055 0.000565 0.005411
0.018240 0.013877 0.001122 0.049209 0.064880 0.002640 0.007550 0.002927 0.000641 0.025572 0.034136 0.002346 0.028886 0.020584 0.002736 0.282840 0.198769 0.019362 0.081169 0.020035 0.002686 0.053600 0.033838 0.010316 0.012327 0.007006 0.002707
0.037750 0.053225 0.011830 0.204973 0.166973 0.042749 0.004817 0.002360 0.001619 0.033106 0.012525 0.008459 0.014026 0.006823 0.002236 0.137541 0.041106 0.047328 0.015058 0.003319 0.004264 0.062218 0.021741 0.044971 0.006009 0.006367 0.006607
0.000258 0.021801 0.000394 0.001601 0.029224 0.000570 0.000526 0.043812 0.000572 0.000105 0.005141 0.000078 0.000296 0.007372 0.000305 0.000909 0.022676 0.000605 0.011578 0.606828 0.014298 0.001202 0.220262 0.001829 0.000243 0.007262 0.000256
0.042116 0.017968 0.226076 0.015522 0.001867 0.018746 0.081146 0.069672 0.444365 0.003568 0.004044 0.007068 0.002179 0.002618 0.019059 0.001380 0.000634 0.008827 0.002869 0.003350 0.006934 0.003018 0.000982 0.011924 0.001498 0.000556 0.002014
0.063613 0.009020 0.081830 0.052928 0.004712 0.050904 0.052861 0.015346 0.102974 0.206695 0.035613 0.202798 0.006566 0.001504 0.015829 0.037102 0.005139 0.031666 0.001838 0.000582 0.001912 0.007739 0.000148 0.003137 0.004706 0.000168 0.002669
0.057029 0.001085 0.007585 0.089249 0.001736 0.004959 0.077233 0.007508 0.006961 0.061684 0.004461 0.004178 0.027253 0.008141 0.004587 0.313758 0.006899 0.015398 0.141681 0.004715 0.003508 0.123018 0.001779 0.006919 0.013772 0.000613 0.004291
0.000646 0.093638 0.002652 0.000219 0.005982 0.000190 0.000247 0.029991 0.000582 0.000150 0.005745 0.000187 0.000104 0.006611 0.000243 0.000432 0.021923 0.000530 0.001889 0.762495 0.007248 0.000356 0.051821 0.001254 0.000175 0.004383 0.000305
0.022821 0.228510 0.005984 0.006499 0.080770 0.001340 0.003099 0.014968 0.000862 0.025707 0.114876 0.002688 0.001007 0.010058 0.000686 0.040324 0.349914 0.006812 0.004555 0.036613 0.001398 0.009679 0.020762 0.001441 0.002469 0.005925 0.000234
0.434301 0.022050 0.020205 0.043226 0.001291 0.003723 0.137509 0.010365 0.011296 0.051595 0.003866 0.003452 0.011437 0.003486 0.003635 0.152464 0.010502 0.012308 0.012712 0.001288 0.001156 0.033874 0.000593 0.003175 0.008946 0.000618 0.000925
0.000892 0.007406 0.002689 0.000669 0.006475 0.001057 0.004360 0.078329 0.009608 0.021122 0.294799 0.015808 0.000213 0.006609 0.000517 0.006056 0.039227 0.001828 0.013342 0.465139 0.014409 0.000806 0.004813 0.000377 0.001286 0.001640 0.000525
0.030445 0.011259 0.012366 0.014554 0.006008 0.007157 0.068985 0.043758 0.030995 0.384729 0.170657 0.062381 0.000707 0.001506 0.000831 0.060164 0.052796 0.016735 0.005340 0.002798 0.001447 0.007170 0.000367 0.000595 0.005358 0.000539 0.000352
0.000109 0.014086 0.001693 0.000107 0.001215 0.000565 0.000304 0.030495 0.005766 0.000726 0.053010 0.007860 0.000043 0.005603 0.001111 0.000470 0.009987 0.002157 0.006257 0.772757 0.081287 0.000050 0.002007 0.000433 0.000144 0.001070 0.000689
0.030657 0.335004 0.168890 0.017576 0.133165 0.113580 0.002016 0.020527 0.012468 0.010986 0.042596 0.041440 0.000184 0.000625 0.000918 0.004081 0.023026 0.014215 0.000108 0.006097 0.001795 0.002249 0.005003 0.011254 0.000225 0.000788 0.000526
0.073577 0.000623 0.004775 0.340964 0.002593 0.008390 0.059888 0.002265 0.003720 0.070128 0.001747 0.001153 0.019823 0.000940 0.001709 0.154090 0.003101 0.004113 0.013146 0.000226 0.000208 0.222032 0.001212 0.002831 0.006021 0.000162 0.000564
0.034286 0.001741 0.011580 0.077830 0.001613 0.021133 0.032822 0.001573 0.030552 0.164334 0.012012 0.054983 0.062660 0.006092 0.051782 0.275127 0.003201 0.022574 0.027339 0.000944 0.002263 0.067577 0.000862 0.008858 0.009896 0.000494 0.015871
0.533108 0.024680 0.216892 0.035513 0.000982 0.014919 0.015688 0.001247 0.006550 0.023517 0.001664 0.017698 0.005868 0.000805 0.007834 0.051195 0.001395 0.014492 0.001385 0.000164 0.000401 0.014120 0.000177 0.002650 0.002006 0.000269 0.004780
0.001841 0.004319 0.153370 0.007007 0.001428 0.077102 0.014308 0.020199 0.187925 0.000883 0.001366 0.028136 0.007954 0.017815 0.069684 0.000914 0.000736 0.022964 0.013959 0.021629 0.143835 0.008660 0.004277 0.122750 0.000736 0.000537 0.065667
0.001280 0.003024 0.022104 0.009692 0.008686 0.086343 0.001992 0.007847 0.024177 0.006219 0.013817 0.152064 0.013031 0.015639 0.102430 0.007928 0.004353 0.112190 0.023287 0.039194 0.143630 0.011652 0.002756 0.116637 0.002062 0.001025 0.066940
0.143463 0.238702 0.381668 0.006308 0.001580 0.012590 0.014132 0.040116 0.054176 0.003551 0.002976 0.013105 0.004229 0.003584 0.029001 0.005491 0.003847 0.016905 0.000955 0.002729 0.002866 0.004387 0.001077 0.006441 0.001536 0.000880 0.003706
0.002189 0.073746 0.036399 0.025120 0.369252 0.129965 0.001124 0.008674 0.010761 0.001556 0.034187 0.020919 0.001025 0.002793 0.001914 0.006409 0.046032 0.070961 0.003460 0.036442 0.017020 0.005692 0.016694 0.070554 0.000677 0.002936 0.003501
0.269713 0.066009 0.061641 0.021255 0.003216 0.006267 0.152263 0.059525 0.057444 0.007791 0.003597 0.004128 0.025715 0.018413 0.028866 0.060507 0.014038 0.023673 0.021622 0.006317 0.005795 0.054227 0.005068 0.010779 0.007291 0.002199 0.002644
0.022534 0.159144 0.084188 0.002447 0.001571 0.004227 0.029431 0.406623 0.161893 0.000551 0.002111 0.002650 0.001007 0.008787 0.006452 0.001411 0.006641 0.003725 0.004273 0.061500 0.013542 0.002308 0.005655 0.002712 0.000916 0.002383 0.001319
0.174360 0.557945 0.177974 0.003885 0.016298 0.006998 0.002549 0.007618 0.002848 0.000560 0.002781 0.001892 0.000155 0.000442 0.000239 0.001434 0.018458 0.005919 0.000075 0.003126 0.000523 0.002281 0.007306 0.002869 0.000273 0.000802 0.000390
0.000200 0.006165 0.001441 0.000151 0.001195 0.000258 0.001484 0.023912 0.002645 0.000196 0.003314 0.000378 0.002397 0.090168 0.015634 0.000306 0.010875 0.001317 0.055932 0.533083 0.192038 0.002401 0.039028 0.009009 0.000354 0.004107 0.002012
0.080564 0.022503 0.004351 0.098770 0.033327 0.006094 0.070915 0.031484 0.006190 0.039978 0.031385 0.002016 0.035506 0.006323 0.003096 0.082811 0.049888 0.004807 0.018306 0.006346 0.001974 0.303846 0.033888 0.006539 0.008439 0.009608 0.001046
0.006023 0.729438 0.070125 0.000940 0.004245 0.002482 0.001690 0.063782 0.023559 0.000239 0.009317 0.003916 0.000337 0.005088 0.003122 0.000184 0.006788 0.001793 0.000235 0.034197 0.007849 0.000430 0.015043 0.003974 0.000141 0.004375 0.000686
0.041621 0.014201 0.024502 0.004815 0.000705 0.004653 0.012564 0.005747 0.042609 0.002677 0.002615 0.015592 0.156498 0.042663 0.555027 0.007946 0.003831 0.011146 0.002829 0.001915 0.004223 0.012926 0.002674 0.012406 0.003156 0.000960 0.009501
0.008681 0.628541 0.036031 0.002780 0.051573 0.007110 0.000814 0.015074 0.007253 0.002530 0.125792 0.022695 0.000251 0.000989 0.000896 0.001495 0.044584 0.007026 0.000167 0.012196 0.002267 0.000780 0.010732 0.003476 0.000367 0.005193 0.000708
0.003138 0.012719 0.004476 0.002616 0.002015 0.001004 0.118833 0.636874 0.093698 0.002161 0.018348 0.002159 0.002605 0.017427 0.005137 0.000424 0.007370 0.001569 0.006987 0.034448 0.010175 0.001626 0.007876 0.001652 0.001314 0.002801 0.000549
0.001209 0.001924 0.000412 0.003129 0.015741 0.001123 0.004330 0.011132 0.001237 0.001801 0.027019 0.000495 0.005377 0.032758 0.001000 0.009761 0.045765 0.003720 0.151258 0.458504 0.047670 0.051655 0.104915 0.003187 0.001703 0.011432 0.001741
0.034516 0.024970 0.004448 0.184585 0.426603 0.019607 0.013495 0.032446 0.004134 0.004469 0.015305 0.000601 0.004352 0.001401 0.000230 0.007647 0.026154 0.001827 0.001364 0.001569 0.000439 0.092338 0.080758 0.011770 0.001149 0.003673 0.000151
0.309372 0.206572 0.197069 0.047376 0.012234 0.007763 0.049661 0.066450 0.069263 0.002952 0.006191 0.003882 0.000713 0.000953 0.000915 0.001680 0.003152 0.003058 0.000348 0.001056 0.000979 0.001722 0.002015 0.002178 0.001211 0.000948 0.000287
0.002970 0.010011 0.067924 0.009922 0.009763 0.358383 0.001230 0.001729 0.099534 0.002081 0.010406 0.254925 0.000829 0.001184 0.015817 0.001978 0.002714 0.080785 0.001106 0.002273 0.029448 0.000829 0.000315 0.028308 0.000233 0.000139 0.005166
0.058060 0.006218 0.013034 0.264717 0.019364 0.051243 0.021419 0.004351 0.005648 0.022659 0.004247 0.008428 0.011955 0.001639 0.003222 0.206918 0.010217 0.082046 0.024890 0.001170 0.003616 0.130543 0.001601 0.033237 0.005528 0.000826 0.003202
0.002202 0.007466 0.006173 0.007629 0.007100 0.030846 0.001437 0.004387 0.010303 0.002266 0.009789 0.017276 0.058168 0.068793 0.207111 0.029443 0.022623 0.026147 0.062354 0.116395 0.107043 0.010857 0.007799 0.114287 0.001797 0.003581 0.056728
0.000869 0.003455 0.000523 0.003764 0.023427 0.002532 0.004353 0.004304 0.002322 0.037209 0.523651 0.016075 0.001664 0.005086 0.002122 0.010295 0.099581 0.009289 0.038158 0.185030 0.010033 0.001042 0.002110 0.000819 0.005362 0.005284 0.001644
0.092803 0.417904 0.231815 0.017671 0.041268 0.035806 0.002477 0.008718 0.004184 0.003333 0.012938 0.008185 0.000784 0.000786 0.001157 0.009606 0.021086 0.029447 0.001544 0.010854 0.002939 0.005453 0.004031 0.021080 0.000988 0.009218 0.003927
0.062141 0.030793 0.612713 0.008170 0.001142 0.032739 0.009817 0.007014 0.065823 0.003277 0.002319 0.016135 0.004060 0.002083 0.058119 0.003128 0.001092 0.043140 0.001137 0.001816 0.007660 0.001737 0.000163 0.011897 0.001144 0.000480 0.010261
0.005931 0.254761 0.024652 0.005520 0.218594 0.016827 0.010006 0.152176 0.017154 0.005260 0.149094 0.006278 0.000202 0.001089 0.000352 0.001152 0.048126 0.004472 0.000283 0.020543 0.001484 0.001098 0.047777 0.002931 0.000348 0.003592 0.000299
0.000205 0.010121 0.000760 0.000187 0.002418 0.000459 0.001586 0.129252 0.004161 0.000030 0.001182 0.000059 0.000529 0.018585 0.001729 0.000190 0.004965 0.001081 0.015615 0.696287 0.063421 0.001193 0.039765 0.003291 0.000129 0.002274 0.000526
0.013269 0.160869 0.009105 0.005854 0.110161 0.006852 0.003572 0.024451 0.005685 0.034582 0.346891 0.020382 0.001542 0.004940 0.002607 0.015713 0.183531 0.010149 0.000879 0.011980 0.001331 0.006220 0.011032 0.001498 0.001470 0.004980 0.000455
0.001250 0.015993 0.001252 0.002445 0.028332 0.002313 0.004516 0.051527 0.006438 0.021657 0.677443 0.018772 0.000317 0.003861 0.000528 0.002819 0.057035 0.003702 0.003316 0.071272 0.004556 0.002317 0.013598 0.000428 0.000718 0.003399 0.000194
0.000163 0.009074 0.002803 0.000092 0.000661 0.002165 0.001241 0.021646 0.021844 0.000099 0.002155 0.004711 0.002884 0.104897 0.066613 0.000360 0.005679 0.008425 0.022015 0.330782 0.361101 0.000830 0.005821 0.011858 0.000248 0.002192 0.009641
0.052401 0.005074 0.011466 0.022796 0.000688 0.006763 0.657136 0.087656 0.084034 0.008325 0.001482 0.002240 0.011471 0.000698 0.003396 0.010466 0.001014 0.003924 0.006570 0.000619 0.001245 0.014256 0.000775 0.000923 0.002865 0.000556 0.001158
0.002161 0.091216 0.002382 0.002078 0.143601 0.002455 0.001684 0.023902 0.001319 0.004029 0.248996 0.002628 0.000592 0.005241 0.000450 0.006906 0.166817 0.004172 0.003241 0.149377 0.003927 0.004972 0.116458 0.001308 0.000535 0.009204 0.000350
0.015496 0.282907 0.030557 0.003300 0.039410 0.005086 0.002254 0.031397 0.006895 0.000321 0.003437 0.000560 0.003291 0.022470 0.005499 0.001298 0.013562 0.006635 0.001370 0.021335 0.006044 0.050607 0.366960 0.074758 0.000364 0.003001 0.001185
0.211212 0.061126 0.646745 0.010780 0.003314 0.022918 0.004407 0.006604 0.007076 0.000896 0.000632 0.001522 0.000368 0.000137 0.000826 0.001144 0.001234 0.009295 0.000055 0.000292 0.000352 0.002693 0.000332 0.004665 0.000180 0.000161 0.001035
0.003547 0.012616 0.006437 0.008555 0.020199 0.003761 0.055293 0.252463 0.016880 0.042358 0.250931 0.008327 0.000963 0.007123 0.000994 0.010410 0.045665 0.005448 0.053189 0.160964 0.012895 0.004184 0.008318 0.000795 0.003127 0.003762 0.000798
0.018094 0.089868 0.008058 0.055001 0.311676 0.010795 0.009525 0.040257 0.005785 0.016515 0.098197 0.002582 0.002942 0.008340 0.000619 0.028317 0.145322 0.009090 0.002544 0.008056 0.000842 0.055081 0.063571 0.003739 0.001321 0.003543 0.000323
0.005710 0.003603 0.004212 0.001166 0.000368 0.000491 0.007179 0.009518 0.008885 0.001906 0.001368 0.001970 0.241679 0.231647 0.438580 0.003928 0.003031 0.000975 0.005439 0.004331 0.002448 0.008940 0.004383 0.001562 0.001409 0.001266 0.004008
0.141238 0.028043 0.029760 0.042571 0.003198 0.005293 0.187990 0.193426 0.042145 0.014624 0.004152 0.002506 0.069096 0.008185 0.015162 0.033364 0.015430 0.006376 0.009009 0.003571 0.001651 0.110392 0.008255 0.004897 0.011063 0.003939 0.004664
0.004175 0.007964 0.009494 0.226142 0.516500 0.090574 0.001533 0.014737 0.004602 0.008175 0.017188 0.004735 0.002230 0.000832 0.000449 0.003426 0.005501 0.004834 0.000682 0.004435 0.001819 0.032010 0.015105 0.020401 0.000830 0.000916 0.000709
0.198371 0.012713 0.462355 0.031792 0.001883 0.032096 0.039573 0.008618 0.036846 0.005185 0.000809 0.005217 0.014358 0.002741 0.039582 0.007607 0.000628 0.025821 0.004690 0.000745 0.003809 0.021179 0.000834 0.030696 0.002516 0.000650 0.008687
0.005073 0.031577 0.013029 0.008983 0.077108 0.002856 0.020435 0.097839 0.005234 0.005917 0.029690 0.002669 0.013963 0.113251 0.008701 0.004090 0.087516 0.003831 0.011942 0.125322 0.007988 0.024293 0.268538 0.018079 0.004232 0.004762 0.003082
0.002677 0.032320 0.021048 0.001667 0.002856 0.003183 0.044681 0.488410 0.269291 0.003105 0.055172 0.015185 0.000201 0.001311 0.001660 0.000280 0.005084 0.002011 0.001485 0.036995 0.008404 0.000129 0.001046 0.000328 0.000460 0.000730 0.000281
0.002062 0.003941 0.004331 0.003382 0.003109 0.002482 0.071539 0.393398 0.098189 0.007163 0.031163 0.008570 0.003044 0.047189 0.008130 0.001626 0.004631 0.002529 0.031480 0.186607 0.055653 0.008314 0.015823 0.002690 0.001152 0.000964 0.000839
0.003533 0.092431 0.007505 0.005379 0.160154 0.005186 0.000635 0.011948 0.002429 0.000659 0.019032 0.001180 0.001465 0.017716 0.001371 0.000862 0.024741 0.002765 0.000970 0.060726 0.005229 0.021494 0.521026 0.028307 0.000213 0.002672 0.000368
