0.064306 0.003987 0.016001 0.575742 0.017778 0.178922 0.016449 0.002080 0.012877 0.027370 0.002085 0.008929 0.003527 0.000211 0.001262 0.018145 0.001654 0.015599 0.001004 0.000146 0.001471 0.019922 0.000301 0.005227 0.002292 0.000337 0.002374
0.142532 0.229407 0.136685 0.072236 0.026718 0.022212 0.052504 0.029450 0.045027 0.070737 0.043339 0.057424 0.002859 0.003385 0.005679 0.013277 0.014977 0.014653 0.001106 0.000477 0.001370 0.002223 0.001992 0.002343 0.004307 0.001604 0.001476
0.104928 0.009120 0.026011 0.053794 0.001450 0.006083 0.603535 0.024626 0.097139 0.025405 0.002971 0.003913 0.003911 0.001112 0.001847 0.011324 0.002220 0.004239 0.005273 0.000259 0.000794 0.003132 0.000356 0.000420 0.005021 0.000484 0.000636
0.014503 0.008824 0.034771 0.170744 0.044948 0.116409 0.025452 0.018826 0.044890 0.192906 0.099728 0.120281 0.002213 0.001541 0.002670 0.020762 0.010909 0.036732 0.003271 0.002242 0.003293 0.014902 0.000983 0.003648 0.002654 0.000464 0.001434
0.001045 0.047079 0.001851 0.004253 0.348858 0.003267 0.000438 0.011433 0.000685 0.001989 0.073848 0.001649 0.000207 0.005801 0.000199 0.003425 0.099083 0.002047 0.001707 0.086714 0.002888 0.009338 0.282874 0.005112 0.000367 0.003695 0.000147
0.023412 0.008437 0.165077 0.060669 0.028843 0.468097 0.005084 0.005905 0.038366 0.015543 0.004613 0.067069 0.000471 0.000171 0.000836 0.006399 0.000918 0.049768 0.000405 0.000249 0.002797 0.005229 0.000266 0.039032 0.000506 0.000158 0.001681
0.013906 0.017597 0.741809 0.002961 0.001018 0.055589 0.001582 0.001675 0.030535 0.000840 0.000399 0.020951 0.000537 0.000787 0.007211 0.000675 0.000250 0.026427 0.000329 0.000928 0.011924 0.002008 0.000741 0.051857 0.000246 0.000120 0.007099
0.071716 0.095865 0.714421 0.002715 0.002204 0.015424 0.001760 0.004253 0.008815 0.001149 0.000645 0.009368 0.000600 0.001731 0.007079 0.002210 0.003519 0.021161 0.000192 0.000856 0.002258 0.004151 0.001772 0.022119 0.000538 0.000313 0.003166
0.001692 0.053714 0.021039 0.001652 0.006448 0.002895 0.010042 0.137076 0.011164 0.001095 0.003414 0.002333 0.003747 0.166428 0.023055 0.001771 0.036113 0.010151 0.029142 0.282413 0.103063 0.004553 0.045566 0.027036 0.002011 0.005663 0.006725
0.006975 0.058284 0.016040 0.082981 0.501216 0.067893 0.000833 0.009992 0.004851 0.042332 0.102142 0.047004 0.000240 0.000872 0.000567 0.006657 0.020953 0.014564 0.000280 0.004835 0.001932 0.001397 0.001761 0.002366 0.000642 0.001878 0.000512
0.005904 0.489785 0.050665 0.005426 0.086848 0.028613 0.002004 0.019345 0.022614 0.000748 0.009965 0.007194 0.000481 0.009383 0.002331 0.000834 0.017305 0.013461 0.000646 0.019937 0.019948 0.004139 0.135438 0.041980 0.000279 0.002908 0.001818
0.003208 0.021631 0.005122 0.013881 0.063690 0.010781 0.010692 0.048324 0.007969 0.000700 0.002518 0.000509 0.003520 0.012786 0.001125 0.006194 0.026488 0.014677 0.012023 0.018271 0.013986 0.149134 0.454499 0.092229 0.001247 0.003382 0.001417
0.000723 0.001414 0.020741 0.008493 0.002477 0.325270 0.002479 0.002639 0.231319 0.003181 0.003724 0.221214 0.001526 0.001004 0.025516 0.001174 0.000426 0.061411 0.002818 0.001250 0.044958 0.002031 0.000120 0.022783 0.000392 0.000182 0.010736
0.035784 0.015119 0.023461 0.419098 0.175706 0.103725 0.004682 0.015200 0.005233 0.083402 0.029936 0.037017 0.000379 0.000128 0.000259 0.014307 0.003499 0.019352 0.000682 0.001198 0.001149 0.005423 0.000558 0.002925 0.000803 0.000557 0.000415
0.000215 0.013577 0.000985 0.003998 0.203705 0.004918 0.000400 0.009103 0.001141 0.000171 0.012995 0.000571 0.000286 0.007320 0.000261 0.000614 0.018718 0.002122 0.002572 0.083258 0.007806 0.011147 0.596540 0.015560 0.000119 0.001639 0.000260
0.011361 0.060620 0.202622 0.002833 0.004208 0.027661 0.006197 0.032700 0.169601 0.001623 0.003666 0.025940 0.006504 0.023229 0.184513 0.001854 0.002881 0.044353 0.005362 0.019901 0.077619 0.007338 0.002814 0.056628 0.000961 0.001471 0.015538
0.382862 0.297495 0.220841 0.013143 0.011842 0.008440 0.007239 0.014645 0.003614 0.001305 0.001194 0.001252 0.000583 0.000325 0.000429 0.003593 0.006293 0.004954 0.000091 0.000613 0.000294 0.010894 0.003683 0.002761 0.000498 0.000610 0.000506
0.115688 0.023062 0.074003 0.240912 0.019590 0.070243 0.060715 0.013053 0.031749 0.018802 0.008120 0.007637 0.084792 0.009232 0.031236 0.030111 0.012438 0.022838 0.003629 0.001141 0.001523 0.079023 0.007806 0.021878 0.005532 0.000904 0.004342
0.002664 0.052905 0.001754 0.019756 0.453892 0.005217 0.000751 0.006314 0.000522 0.003320 0.057434 0.002878 0.001236 0.008144 0.000642 0.012023 0.202248 0.007664 0.002498 0.025350 0.002165 0.006310 0.103822 0.012554 0.001440 0.005745 0.000756
0.030614 0.000706 0.003177 0.052835 0.001806 0.007072 0.040696 0.001195 0.010857 0.153269 0.008568 0.027306 0.163963 0.004172 0.064209 0.278484 0.006261 0.019709 0.035289 0.000195 0.000592 0.063249 0.000389 0.001584 0.017766 0.000899 0.005141
0.035965 0.055194 0.415751 0.028560 0.012661 0.208975 0.002570 0.001047 0.015573 0.002675 0.001446 0.031554 0.003270 0.000755 0.008429 0.003086 0.001323 0.041937 0.000834 0.000504 0.004250 0.016822 0.003034 0.067540 0.000552 0.000958 0.034734
0.512049 0.036716 0.061512 0.114382 0.012027 0.011558 0.045947 0.003952 0.005552 0.036649 0.007185 0.005406 0.005335 0.000502 0.000941 0.059956 0.007991 0.010422 0.002616 0.000323 0.000560 0.044671 0.001912 0.003340 0.005464 0.001152 0.001880
0.155314 0.002699 0.034346 0.063204 0.000358 0.006728 0.119181 0.003277 0.014593 0.008726 0.000532 0.002834 0.284746 0.006938 0.124894 0.040044 0.000825 0.006354 0.008490 0.000200 0.000948 0.083398 0.002104 0.005774 0.006770 0.000975 0.015750
0.150057 0.004182 0.031345 0.115272 0.001807 0.003683 0.098435 0.007645 0.005829 0.264577 0.009141 0.014646 0.032692 0.002006 0.005603 0.161461 0.005918 0.013488 0.013497 0.000492 0.000518 0.026821 0.000409 0.001361 0.024480 0.000694 0.003940
0.007420 0.586157 0.057929 0.010278 0.148122 0.016608 0.001620 0.007167 0.003393 0.001527 0.026309 0.005059 0.000366 0.001144 0.000341 0.002821 0.035918 0.009442 0.000414 0.007375 0.001700 0.004241 0.048954 0.011115 0.000312 0.003179 0.001089
0.002112 0.176421 0.004878 0.007527 0.568007 0.008913 0.000457 0.008418 0.001206 0.001927 0.095083 0.003079 0.000126 0.000951 0.000154 0.002990 0.061315 0.007103 0.000440 0.014483 0.000949 0.001640 0.027570 0.001558 0.000159 0.002406 0.000128
0.002889 0.010300 0.054788 0.002728 0.001946 0.072569 0.002083 0.006235 0.097240 0.001088 0.002014 0.060295 0.012693 0.024127 0.382325 0.001991 0.001350 0.046392 0.005444 0.009709 0.071226 0.010812 0.002059 0.084945 0.000367 0.000517 0.031869
0.016319 0.001086 0.007186 0.715812 0.015506 0.098492 0.026993 0.007837 0.009717 0.012378 0.001308 0.004879 0.005205 0.000253 0.000630 0.013464 0.001101 0.014531 0.002996 0.000349 0.001058 0.028815 0.000497 0.010685 0.001589 0.000076 0.001237
0.001479 0.013706 0.009686 0.000330 0.000283 0.000728 0.006807 0.059341 0.036787 0.000648 0.001746 0.005672 0.002084 0.037775 0.014043 0.002017 0.002114 0.005714 0.077986 0.432712 0.267706 0.000811 0.002772 0.003812 0.001436 0.001458 0.010347
0.008024 0.003781 0.017729 0.207542 0.033801 0.376376 0.017892 0.016504 0.050962 0.002458 0.003529 0.012973 0.015372 0.000755 0.005274 0.007864 0.002045 0.031777 0.015661 0.004092 0.021942 0.073934 0.005232 0.053658 0.000892 0.000800 0.009135
0.002011 0.004575 0.003730 0.024531 0.038522 0.009016 0.005667 0.014753 0.002263 0.000512 0.001700 0.000711 0.055351 0.033967 0.008664 0.009067 0.012968 0.014311 0.082986 0.071670 0.028715 0.138089 0.234058 0.180210 0.001626 0.005188 0.015138
0.565362 0.070057 0.033343 0.049058 0.004037 0.001930 0.116685 0.016412 0.005306 0.020873 0.002904 0.001156 0.011813 0.001993 0.001127 0.040849 0.009452 0.004619 0.004726 0.001075 0.000391 0.022510 0.002366 0.002105 0.007788 0.001245 0.000820
0.044882 0.125242 0.516416 0.006329 0.002725 0.018676 0.007949 0.013522 0.042563 0.000437 0.000794 0.004146 0.005336 0.009031 0.022617 0.001443 0.003086 0.020318 0.001696 0.006530 0.011889 0.009572 0.012334 0.094926 0.001050 0.001452 0.015039
0.049031 0.072263 0.101013 0.012353 0.002295 0.006781 0.125280 0.421457 0.182348 0.000622 0.001310 0.000998 0.001486 0.000788 0.001432 0.000854 0.002537 0.001688 0.000753 0.003568 0.000804 0.001885 0.004127 0.001879 0.000729 0.001036 0.000683
0.002100 0.002606 0.000703 0.002674 0.015931 0.000604 0.001547 0.002191 0.002075 0.191521 0.718327 0.022839 0.000162 0.000643 0.000149 0.007468 0.018637 0.002330 0.001072 0.002954 0.000249 0.001118 0.000485 0.000073 0.001126 0.000343 0.000071
0.414879 0.049035 0.108920 0.048955 0.010346 0.028106 0.031415 0.009245 0.006322 0.007577 0.001801 0.002830 0.010781 0.003263 0.003535 0.033192 0.007260 0.017024 0.002663 0.001222 0.001511 0.129339 0.006437 0.059536 0.001959 0.000939 0.001905
0.157859 0.007228 0.065385 0.334992 0.026221 0.213837 0.017617 0.009212 0.012970 0.041957 0.005052 0.022914 0.000960 0.000089 0.000475 0.040999 0.003357 0.022856 0.000439 0.000126 0.000357 0.007922 0.000196 0.004865 0.001348 0.000199 0.000570
0.009530 0.023337 0.008009 0.012387 0.018753 0.003319 0.098376 0.143291 0.031560 0.116515 0.384892 0.032590 0.001132 0.007617 0.000959 0.016268 0.053012 0.007195 0.006618 0.007830 0.002006 0.003444 0.005822 0.000467 0.003325 0.001473 0.000271
0.584332 0.088307 0.046755 0.064748 0.022261 0.005077 0.019763 0.005526 0.002209 0.022105 0.005091 0.002267 0.002125 0.001098 0.000430 0.050373 0.010506 0.009738 0.001892 0.000811 0.000364 0.044055 0.003129 0.002699 0.002743 0.001250 0.000347
0.014732 0.014817 0.371506 0.008341 0.003278 0.215312 0.001971 0.001970 0.050872 0.001758 0.002017 0.072674 0.001959 0.002495 0.033257 0.001449 0.000842 0.041769 0.000704 0.001773 0.023563 0.003722 0.001296 0.118795 0.000217 0.000106 0.008806
0.046701 0.001058 0.006817 0.728819 0.021127 0.033520 0.010560 0.002675 0.002254 0.030750 0.002243 0.003840 0.003281 0.000266 0.000380 0.031100 0.001381 0.011275 0.006387 0.000444 0.000782 0.040343 0.000437 0.010312 0.002334 0.000095 0.000817
0.003411 0.318963 0.039159 0.000768 0.003817 0.001641 0.003421 0.176017 0.020702 0.000550 0.003734 0.003745 0.001203 0.078648 0.008150 0.001175 0.012731 0.004698 0.005556 0.219398 0.043028 0.000950 0.029227 0.009966 0.001021 0.005005 0.003319
0.004694 0.015549 0.002252 0.004391 0.005843 0.000640 0.034824 0.179484 0.009623 0.007421 0.025310 0.001544 0.002875 0.057310 0.004793 0.008677 0.058512 0.004795 0.131065 0.361734 0.040492 0.009101 0.017095 0.001342 0.004653 0.004942 0.001038
0.028154 0.630408 0.083444 0.003608 0.027666 0.006369 0.002841 0.019238 0.008053 0.008876 0.036513 0.011694 0.000687 0.007755 0.002431 0.005332 0.069392 0.011986 0.000522 0.012543 0.002192 0.004293 0.007250 0.004841 0.000924 0.002484 0.000507
0.001311 0.011614 0.018844 0.001752 0.011550 0.045981 0.000910 0.005349 0.020145 0.011445 0.073726 0.268442 0.000810 0.013185 0.019996 0.007644 0.018061 0.070031 0.020113 0.160835 0.184168 0.001874 0.002547 0.020443 0.000956 0.001183 0.007083
0.000686 0.083970 0.002833 0.000855 0.084359 0.001222 0.000292 0.026362 0.001110 0.000118 0.007410 0.000319 0.000168 0.007110 0.000305 0.000237 0.020677 0.000991 0.000455 0.079877 0.003101 0.005536 0.658906 0.011286 0.000062 0.001637 0.000114
0.005043 0.001902 0.020358 0.093886 0.024488 0.793048 0.000547 0.000414 0.004582 0.001110 0.000865 0.005482 0.000183 0.000026 0.000166 0.001762 0.000326 0.019821 0.000250 0.000227 0.002274 0.002936 0.000230 0.019276 0.000071 0.000068 0.000658
0.042442 0.008248 0.023936 0.190054 0.033713 0.110165 0.022797 0.008917 0.010500 0.005940 0.002581 0.003179 0.013083 0.002788 0.003606 0.050074 0.009988 0.035545 0.013897 0.002492 0.005583 0.275665 0.017129 0.102091 0.002209 0.000769 0.002610
0.000263 0.043158 0.007468 0.000323 0.007020 0.002507 0.002019 0.155362 0.024873 0.000095 0.004756 0.002341 0.001911 0.092549 0.013563 0.000164 0.010610 0.004180 0.004775 0.473858 0.088120 0.000435 0.039155 0.015069 0.000200 0.002623 0.002602
0.002393 0.015903 0.021312 0.001097 0.001122 0.007335 0.041284 0.212419 0.373490 0.002965 0.024813 0.031739 0.000652 0.008480 0.011219 0.000932 0.007246 0.014296 0.012488 0.124348 0.076351 0.000325 0.000692 0.001979 0.001156 0.001247 0.002718
0.000062 0.018415 0.000809 0.000086 0.008518 0.000944 0.000036 0.007663 0.001402 0.000126 0.041753 0.002222 0.000067 0.007380 0.001094 0.000251 0.022508 0.001333 0.001612 0.849709 0.019470 0.000116 0.011522 0.000920 0.000042 0.001673 0.000266
0.000356 0.002118 0.000994 0.000696 0.006613 0.001110 0.001295 0.024709 0.002948 0.006438 0.047604 0.004356 0.001551 0.040413 0.004056 0.009849 0.062240 0.006945 0.160663 0.520607 0.069869 0.005716 0.006833 0.003163 0.001574 0.005971 0.001313
0.014605 0.095869 0.050173 0.025779 0.126957 0.065021 0.002811 0.045245 0.024797 0.024327 0.094965 0.067587 0.021271 0.035323 0.050717 0.029118 0.066310 0.016158 0.003766 0.033341 0.006865 0.036625 0.026118 0.024785 0.001756 0.005510 0.004202
0.039809 0.057967 0.103306 0.015456 0.002491 0.009049 0.078054 0.239492 0.422240 0.002004 0.009169 0.007337 0.000848 0.000739 0.001674 0.000717 0.001383 0.001321 0.000561 0.001646 0.000750 0.000818 0.001178 0.000617 0.000397 0.000541 0.000434
0.000257 0.006601 0.001180 0.000441 0.014450 0.001211 0.000611 0.015225 0.002486 0.000302 0.014001 0.000804 0.000492 0.041567 0.001822 0.000326 0.015336 0.001539 0.009633 0.738888 0.031817 0.003546 0.090865 0.004636 0.000149 0.001262 0.000550
0.003955 0.005462 0.021792 0.105950 0.067285 0.482735 0.001253 0.004705 0.018650 0.001326 0.003217 0.008744 0.029487 0.004544 0.035884 0.007723 0.003405 0.019672 0.005277 0.005249 0.014152 0.044786 0.010672 0.082301 0.000554 0.001650 0.009571
0.052088 0.075349 0.010904 0.045686 0.066618 0.004373 0.020002 0.031555 0.003535 0.005792 0.008429 0.001352 0.079336 0.021513 0.011141 0.027909 0.059360 0.011476 0.016716 0.010477 0.001874 0.153034 0.236978 0.022451 0.007727 0.011375 0.002951
0.019468 0.000991 0.003671 0.162396 0.006026 0.012594 0.042379 0.004198 0.008133 0.013356 0.001536 0.001619 0.366755 0.005764 0.031644 0.041380 0.003865 0.007785 0.030175 0.000523 0.000798 0.203927 0.005456 0.010477 0.008082 0.001601 0.005401
0.000295 0.007433 0.000429 0.001824 0.017577 0.000674 0.001900 0.022394 0.000992 0.000296 0.005833 0.000227 0.009095 0.016056 0.003482 0.003204 0.035424 0.001714 0.059090 0.536063 0.016529 0.004402 0.216421 0.006371 0.002016 0.027104 0.003156
0.010426 0.006274 0.008045 0.080675 0.011426 0.018533 0.117345 0.049914 0.054711 0.334957 0.091512 0.081023 0.029776 0.002389 0.008048 0.033294 0.007536 0.007731 0.008694 0.000742 0.001486 0.018432 0.001425 0.001560 0.008874 0.003056 0.002118
0.000479 0.168109 0.016903 0.000464 0.005954 0.003920 0.000588 0.061259 0.009912 0.000091 0.004483 0.001588 0.000652 0.010374 0.004587 0.000203 0.005598 0.004469 0.004975 0.541963 0.076089 0.000697 0.050903 0.007974 0.000141 0.011531 0.006095
0.065920 0.005693 0.019451 0.122998 0.002794 0.028396 0.077836 0.015349 0.045413 0.253768 0.018818 0.051596 0.056768 0.001737 0.034110 0.101313 0.004375 0.023550 0.010031 0.001014 0.002553 0.038871 0.000252 0.001499 0.010498 0.000841 0.004557
0.070699 0.031462 0.008228 0.389993 0.182414 0.018409 0.014615 0.015960 0.001439 0.012679 0.012818 0.001039 0.016982 0.002794 0.000876 0.028025 0.032514 0.003157 0.001870 0.002980 0.000333 0.102583 0.035287 0.007932 0.002380 0.002090 0.000442
0.010216 0.001109 0.002938 0.765907 0.057399 0.045509 0.014501 0.006550 0.001934 0.007503 0.001051 0.000337 0.003225 0.000214 0.000178 0.012324 0.002147 0.003386 0.002093 0.000207 0.000226 0.053756 0.002389 0.003730 0.000841 0.000196 0.000132
0.019978 0.043189 0.008824 0.018412 0.016414 0.001324 0.200813 0.318658 0.045465 0.015860 0.037052 0.003278 0.043175 0.062410 0.012357 0.011369 0.038816 0.004233 0.018919 0.025184 0.003153 0.007376 0.031097 0.001488 0.005869 0.004307 0.000980
0.007016 0.014767 0.003866 0.208641 0.611660 0.041080 0.003157 0.014273 0.002998 0.001878 0.007284 0.000570 0.000786 0.000412 0.000048 0.002608 0.010107 0.002102 0.000335 0.001756 0.000256 0.028824 0.029685 0.004699 0.000233 0.000827 0.000133
0.066186 0.002951 0.008948 0.104658 0.003174 0.013823 0.035151 0.003981 0.009941 0.099422 0.004384 0.010237 0.014850 0.002838 0.006574 0.424879 0.006841 0.032297 0.052482 0.001434 0.002745 0.075127 0.000764 0.003979 0.009961 0.000586 0.001787
0.005432 0.002544 0.004185 0.059047 0.021048 0.008961 0.038757 0.045027 0.009834 0.016719 0.010677 0.002690 0.045532 0.062407 0.007939 0.060951 0.030601 0.008611 0.249519 0.070525 0.017983 0.102460 0.061464 0.043097 0.006910 0.002212 0.004868
0.014732 0.004897 0.004532 0.617331 0.160110 0.035262 0.004735 0.003829 0.002805 0.076905 0.026490 0.007130 0.000523 0.000122 0.000063 0.018210 0.005528 0.005607 0.001455 0.000571 0.000337 0.004675 0.001189 0.001250 0.001040 0.000412 0.000262
0.000451 0.025964 0.000783 0.004022 0.231798 0.001993 0.000244 0.007319 0.000401 0.000581 0.043763 0.000485 0.000315 0.006244 0.000326 0.002875 0.054612 0.002927 0.010517 0.247505 0.015047 0.007802 0.321248 0.007796 0.000288 0.004445 0.000247
0.023384 0.003545 0.026919 0.092383 0.009523 0.116003 0.023839 0.002770 0.044642 0.094359 0.013718 0.052316 0.061579 0.003190 0.057476 0.100420 0.002532 0.101055 0.049047 0.000533 0.007065 0.074053 0.000795 0.018326 0.004932 0.001238 0.014360
0.005014 0.006745 0.253147 0.008304 0.001393 0.099205 0.004017 0.002175 0.063455 0.001879 0.001132 0.041279 0.018160 0.003647 0.186489 0.001421 0.000264 0.030164 0.004618 0.002822 0.050901 0.006205 0.001365 0.124662 0.000635 0.000631 0.080270
0.000095 0.007765 0.000898 0.000256 0.005475 0.000777 0.000191 0.011373 0.000553 0.000011 0.001168 0.000101 0.000428 0.009423 0.002321 0.000077 0.004791 0.000973 0.005840 0.753919 0.052024 0.001006 0.127032 0.009004 0.000055 0.002655 0.001788
0.007341 0.002718 0.028961 0.017042 0.001295 0.088639 0.009385 0.003897 0.070078 0.010337 0.003720 0.051061 0.079088 0.002203 0.501877 0.014383 0.001238 0.044941 0.007400 0.001168 0.008717 0.010465 0.000232 0.015135 0.001527 0.000870 0.016279
0.036514 0.140485 0.656673 0.002410 0.001393 0.026045 0.001240 0.004158 0.019558 0.001103 0.001749 0.024049 0.001925 0.001212 0.031152 0.001870 0.001685 0.013708 0.000320 0.002221 0.003748 0.002315 0.000742 0.014997 0.000280 0.000740 0.007710
0.000142 0.008537 0.001858 0.000373 0.039931 0.003595 0.000173 0.014200 0.000961 0.000226 0.042177 0.002565 0.000079 0.003170 0.000928 0.000191 0.022807 0.002425 0.007720 0.741777 0.064056 0.001050 0.030813 0.004779 0.000094 0.004089 0.001285
0.035803 0.009925 0.012164 0.008279 0.001030 0.001520 0.560649 0.229672 0.081443 0.002496 0.004964 0.001160 0.003057 0.003316 0.002719 0.002305 0.002045 0.001320 0.010941 0.006226 0.002327 0.009075 0.003517 0.000938 0.002036 0.000772 0.000301
0.030234 0.002501 0.021437 0.400146 0.015779 0.189725 0.016009 0.006350 0.036273 0.103752 0.015671 0.043158 0.004331 0.000485 0.002837 0.047143 0.002063 0.018547 0.003109 0.000403 0.001690 0.031821 0.000216 0.003927 0.001498 0.000123 0.000772
0.008719 0.007802 0.036376 0.069849 0.041239 0.621985 0.000521 0.001834 0.008815 0.000980 0.002428 0.012766 0.002053 0.001665 0.007467 0.009849 0.001395 0.025541 0.001550 0.002748 0.009961 0.017666 0.003138 0.098734 0.000258 0.000255 0.004402
0.082746 0.082730 0.155827 0.017244 0.010857 0.047882 0.029203 0.098573 0.107203 0.000390 0.000854 0.002386 0.010749 0.018708 0.030491 0.001931 0.004369 0.012834 0.002333 0.004749 0.015541 0.050276 0.069228 0.130703 0.001365 0.001570 0.009255
0.052035 0.207572 0.039223 0.018313 0.011075 0.002985 0.067777 0.467855 0.055611 0.009143 0.031833 0.004367 0.000368 0.001257 0.000569 0.001277 0.013214 0.001497 0.000607 0.007275 0.000953 0.000886 0.002181 0.000267 0.000901 0.000787 0.000171
0.166629 0.310596 0.228094 0.020240 0.019241 0.011888 0.034476 0.108915 0.072095 0.001394 0.009355 0.004636 0.000104 0.000185 0.000198 0.000494 0.003564 0.002969 0.000067 0.000997 0.000438 0.000607 0.001412 0.000557 0.000391 0.000310 0.000150
0.008810 0.037523 0.003701 0.017218 0.138605 0.004460 0.037004 0.094618 0.007145 0.015028 0.118786 0.002503 0.002244 0.014348 0.000527 0.026811 0.181330 0.009866 0.035985 0.055335 0.003594 0.037871 0.137748 0.001956 0.002578 0.004059 0.000348
0.000029 0.000393 0.000196 0.000442 0.001127 0.000639 0.000890 0.014555 0.003112 0.000096 0.002957 0.000131 0.000225 0.002494 0.000374 0.000704 0.002847 0.001379 0.203528 0.602890 0.155117 0.000480 0.002686 0.000783 0.000196 0.001224 0.000505
0.018036 0.001110 0.004695 0.363941 0.013412 0.040335 0.107448 0.021150 0.045256 0.018022 0.006559 0.004954 0.148828 0.001963 0.017451 0.048386 0.001874 0.006813 0.058563 0.000890 0.002414 0.057350 0.000992 0.002819 0.003716 0.001060 0.001961
0.228026 0.005859 0.042143 0.206451 0.007604 0.032251 0.122396 0.011372 0.031940 0.040747 0.005038 0.015845 0.058107 0.001676 0.015961 0.064653 0.001919 0.015052 0.020416 0.000524 0.002413 0.055190 0.000807 0.004024 0.005508 0.000691 0.003391
0.049979 0.041217 0.182847 0.038734 0.017965 0.083680 0.073214 0.034858 0.155673 0.044804 0.049995 0.134668 0.006880 0.001302 0.009061 0.010058 0.005805 0.021108 0.002517 0.001963 0.005530 0.012838 0.001872 0.006688 0.001957 0.000644 0.004144
0.014310 0.010617 0.135325 0.007487 0.001097 0.028150 0.055713 0.035504 0.663242 0.001637 0.003164 0.018643 0.001568 0.000470 0.007198 0.000563 0.000472 0.004860 0.000817 0.001037 0.003023 0.001282 0.000277 0.001327 0.000298 0.000155 0.001762
0.000786 0.007564 0.001278 0.000772 0.029917 0.000857 0.002093 0.063196 0.002541 0.005021 0.126437 0.002759 0.000586 0.017227 0.001222 0.004646 0.057599 0.001955 0.026915 0.586117 0.013447 0.007514 0.034238 0.000632 0.000707 0.003644 0.000332
0.042858 0.037943 0.807282 0.006196 0.006222 0.021618 0.003884 0.018384 0.027669 0.001890 0.003787 0.010386 0.000183 0.000104 0.000967 0.000312 0.000837 0.004264 0.000037 0.000326 0.000291 0.000871 0.000191 0.002995 0.000115 0.000098 0.000290
0.025034 0.002450 0.016801 0.138072 0.014400 0.016843 0.006976 0.005469 0.007575 0.485220 0.053137 0.129210 0.001184 0.000438 0.001317 0.059534 0.006045 0.013507 0.004543 0.001375 0.000910 0.004551 0.000047 0.000869 0.003826 0.000124 0.000543
0.190140 0.381087 0.315298 0.006519 0.010756 0.007091 0.009814 0.027647 0.009094 0.000722 0.001194 0.001134 0.000602 0.002321 0.001831 0.002201 0.008241 0.005847 0.000276 0.001286 0.000579 0.003560 0.005767 0.004892 0.000814 0.000846 0.000440
0.645233 0.008452 0.079794 0.043389 0.001849 0.008923 0.080569 0.004896 0.018828 0.010585 0.001255 0.003692 0.013614 0.001185 0.011003 0.020818 0.001804 0.007522 0.001768 0.000191 0.000420 0.026279 0.000426 0.003159 0.003379 0.000106 0.000861
0.000192 0.005063 0.000948 0.000423 0.029469 0.001427 0.000631 0.015479 0.001672 0.002107 0.181627 0.006771 0.000146 0.005696 0.000513 0.000994 0.058163 0.001365 0.011935 0.634207 0.020921 0.000368 0.016035 0.001016 0.000242 0.002199 0.000391
0.008751 0.007561 0.080146 0.036575 0.012994 0.406394 0.000843 0.002143 0.015804 0.018859 0.011957 0.236623 0.000984 0.000701 0.006655 0.017741 0.002108 0.088876 0.001266 0.001353 0.010215 0.002827 0.000157 0.023783 0.000333 0.000200 0.004150
0.026924 0.058063 0.517898 0.005594 0.001883 0.067810 0.004265 0.013770 0.099518 0.003100 0.002370 0.058899 0.002141 0.004844 0.047727 0.001750 0.001257 0.020641 0.000552 0.003212 0.017509 0.001725 0.001069 0.028342 0.000403 0.000297 0.008436
0.022347 0.080355 0.144770 0.009805 0.002995 0.031871 0.062136 0.210655 0.380550 0.000807 0.002547 0.004735 0.001598 0.003059 0.006216 0.001143 0.004825 0.007447 0.001121 0.003475 0.005282 0.001273 0.003285 0.004368 0.000613 0.000968 0.001754
0.024773 0.002902 0.025166 0.040957 0.002490 0.095269 0.019255 0.006200 0.230820 0.021299 0.010886 0.204658 0.030008 0.003163 0.097492 0.026174 0.003918 0.095811 0.010685 0.001162 0.008539 0.012916 0.000269 0.010071 0.003123 0.000384 0.011609
0.003122 0.101207 0.067372 0.002819 0.005381 0.012367 0.010610 0.286862 0.124414 0.000143 0.001728 0.002907 0.004748 0.019821 0.018419 0.000666 0.004866 0.009378 0.006224 0.074528 0.061518 0.008874 0.069268 0.087979 0.000465 0.005474 0.008841
0.041684 0.002651 0.019279 0.147493 0.007250 0.037436 0.026305 0.005177 0.016225 0.089761 0.010486 0.046256 0.030259 0.004844 0.012307 0.178305 0.008367 0.095506 0.081400 0.007060 0.016387 0.080910 0.000850 0.013352 0.011197 0.001085 0.008168
0.041579 0.067228 0.150639 0.038412 0.023901 0.097445 0.016175 0.019265 0.078646 0.047547 0.049585 0.248358 0.002341 0.001511 0.005200 0.024085 0.014746 0.044341 0.001588 0.001459 0.003976 0.004079 0.001040 0.012246 0.001487 0.000623 0.002498
0.037895 0.152110 0.509861 0.009590 0.003758 0.039935 0.007617 0.017697 0.110109 0.000769 0.002246 0.011553 0.002817 0.004657 0.020485 0.001448 0.003870 0.021775 0.000652 0.003274 0.009356 0.002482 0.002510 0.017524 0.000363 0.000586 0.005063
0.001130 0.007398 0.004162 0.001876 0.019950 0.006477 0.000864 0.003478 0.007233 0.072967 0.442090 0.273306 0.000158 0.002531 0.002568 0.010318 0.028339 0.029799 0.011039 0.044395 0.023204 0.000528 0.000532 0.002411 0.001196 0.000775 0.001277
0.005097 0.027073 0.089112 0.001754 0.003352 0.046482 0.001211 0.010140 0.036698 0.000884 0.002110 0.037397 0.010863 0.046998 0.305680 0.002560 0.005104 0.031523 0.002851 0.021190 0.047833 0.016756 0.007834 0.220135 0.000389 0.000606 0.018364
0.064194 0.387236 0.094382 0.008740 0.050161 0.010955 0.004707 0.037655 0.005818 0.001551 0.004526 0.002987 0.002572 0.007807 0.004159 0.009411 0.054097 0.023419 0.001693 0.021685 0.006678 0.036038 0.095771 0.056981 0.001286 0.003328 0.002164
0.000053 0.005541 0.000216 0.000122 0.004680 0.000151 0.000123 0.025000 0.000549 0.000033 0.003222 0.000057 0.000083 0.006368 0.000196 0.000081 0.006525 0.000264 0.003664 0.886550 0.015065 0.000551 0.039210 0.000445 0.000034 0.001134 0.000083
0.116865 0.432585 0.262036 0.012666 0.010219 0.006857 0.018495 0.080402 0.037385 0.001134 0.003950 0.001980 0.000143 0.000225 0.000238 0.000772 0.004083 0.002782 0.000114 0.001455 0.000484 0.001011 0.001486 0.001641 0.000348 0.000516 0.000128
0.060346 0.020399 0.378966 0.006380 0.000892 0.036126 0.010090 0.002506 0.114200 0.006491 0.003032 0.099854 0.007307 0.007132 0.081712 0.008040 0.001692 0.082353 0.004384 0.002316 0.018690 0.005684 0.000419 0.025967 0.001636 0.000176 0.013208
0.106323 0.061624 0.024727 0.026455 0.017514 0.004788 0.310339 0.178151 0.020670 0.018168 0.015554 0.002885 0.005223 0.008759 0.001102 0.025869 0.064261 0.009357 0.010833 0.008231 0.002299 0.033487 0.028805 0.006359 0.005804 0.001636 0.000775
0.005684 0.039047 0.010626 0.002484 0.005067 0.001412 0.030098 0.134934 0.039658 0.002416 0.009958 0.003569 0.012502 0.390728 0.028371 0.003129 0.036695 0.006714 0.023830 0.089569 0.035182 0.015159 0.057795 0.008494 0.002101 0.002530 0.002249
0.005394 0.001446 0.010808 0.005783 0.001396 0.013378 0.004156 0.002445 0.029367 0.263602 0.061185 0.539250 0.000974 0.001544 0.004769 0.018935 0.006288 0.016683 0.001855 0.000949 0.001832 0.003341 0.000042 0.000783 0.002206 0.000134 0.001456
0.070437 0.540066 0.328180 0.003639 0.008239 0.008954 0.001687 0.006968 0.006443 0.000729 0.002538 0.003061 0.000085 0.000252 0.000220 0.000747 0.006341 0.003169 0.000033 0.001155 0.000481 0.000603 0.002775 0.002501 0.000129 0.000329 0.000237
0.008589 0.002845 0.005862 0.008991 0.000347 0.001195 0.767800 0.083211 0.086766 0.004829 0.001924 0.000786 0.001668 0.001384 0.000486 0.002282 0.002262 0.001826 0.009342 0.000904 0.000940 0.002628 0.000721 0.000393 0.001567 0.000277 0.000175
0.029520 0.038460 0.014954 0.019965 0.003402 0.001342 0.439471 0.266369 0.107865 0.017444 0.021548 0.003343 0.000728 0.001684 0.000210 0.003208 0.011902 0.001795 0.005262 0.003948 0.001002 0.001635 0.002134 0.000227 0.001649 0.000803 0.000130
0.100001 0.053454 0.509787 0.018746 0.004191 0.033375 0.013668 0.003867 0.069004 0.009497 0.006493 0.049401 0.001385 0.001501 0.003979 0.007936 0.005772 0.074928 0.002229 0.002260 0.008091 0.003480 0.000358 0.009708 0.001233 0.000363 0.005295
0.092852 0.027293 0.025462 0.048770 0.002751 0.003780 0.363428 0.067278 0.061798 0.094904 0.027235 0.012189 0.014227 0.009682 0.005476 0.051400 0.028757 0.011169 0.017022 0.002356 0.001734 0.011371 0.001921 0.001747 0.013051 0.001092 0.001256
0.014423 0.000619 0.005792 0.784520 0.017806 0.060447 0.010815 0.004287 0.005846 0.016796 0.002212 0.003083 0.001636 0.000184 0.000151 0.017137 0.000728 0.005115 0.002576 0.000205 0.000523 0.036895 0.000681 0.006516 0.000696 0.000071 0.000239
0.084734 0.003320 0.010857 0.103507 0.006637 0.008594 0.025887 0.001933 0.007754 0.336202 0.012922 0.050486 0.006256 0.002206 0.001810 0.258205 0.006054 0.020898 0.011141 0.000265 0.000609 0.026920 0.000394 0.002586 0.008655 0.000203 0.000966
0.006074 0.443042 0.113206 0.004766 0.018987 0.011383 0.008440 0.074116 0.076956 0.000433 0.004562 0.003724 0.000982 0.015067 0.002176 0.000309 0.008117 0.004749 0.000603 0.009836 0.007921 0.004128 0.134659 0.042604 0.000218 0.001151 0.001791
0.000322 0.013790 0.001327 0.001811 0.167329 0.004959 0.000463 0.011193 0.003525 0.008128 0.631701 0.017644 0.000062 0.002599 0.000232 0.001046 0.072975 0.003830 0.000622 0.038057 0.002548 0.000835 0.012961 0.000875 0.000202 0.000889 0.000077
0.010216 0.024986 0.803455 0.003547 0.001870 0.027866 0.001479 0.012297 0.043564 0.000155 0.000332 0.001777 0.000195 0.000356 0.001539 0.000075 0.000188 0.005515 0.000083 0.001081 0.003227 0.000938 0.001095 0.053078 0.000062 0.000096 0.000930
0.012624 0.021760 0.420214 0.003361 0.001144 0.045836 0.005047 0.016627 0.207463 0.000236 0.000470 0.008321 0.003641 0.005269 0.065877 0.000522 0.000521 0.015841 0.001475 0.006181 0.039011 0.005884 0.003552 0.095339 0.000327 0.000315 0.013143
0.012331 0.004921 0.034519 0.047959 0.006527 0.080520 0.014161 0.003768 0.025322 0.122745 0.022154 0.169791 0.005223 0.002065 0.008239 0.096727 0.008825 0.223653 0.034649 0.006972 0.020779 0.009879 0.000218 0.017958 0.007411 0.000476 0.012211
0.021091 0.001803 0.001511 0.007873 0.000591 0.000214 0.348663 0.019207 0.003251 0.007154 0.001603 0.000370 0.146313 0.033025 0.004972 0.113920 0.013249 0.003422 0.172696 0.004684 0.001118 0.049495 0.006494 0.003217 0.028785 0.002884 0.002396
0.011815 0.059890 0.007496 0.016298 0.052492 0.003193 0.089665 0.411394 0.029994 0.008959 0.083008 0.003527 0.007395 0.008736 0.001019 0.004665 0.102917 0.002075 0.001805 0.012184 0.000614 0.010247 0.059210 0.002259 0.002419 0.006330 0.000395
0.005647 0.063767 0.014712 0.005797 0.046764 0.012332 0.000581 0.002930 0.005130 0.039188 0.256239 0.190144 0.001171 0.010413 0.004910 0.020101 0.066910 0.058774 0.011538 0.113529 0.035694 0.002865 0.006558 0.009700 0.002140 0.007788 0.004679
0.031654 0.594216 0.281183 0.004557 0.008578 0.007528 0.002787 0.023419 0.010465 0.001277 0.005332 0.005050 0.000163 0.000590 0.000539 0.000593 0.006900 0.004917 0.000061 0.002475 0.000859 0.000374 0.002324 0.002933 0.000183 0.000592 0.000450
0.008996 0.004677 0.006026 0.009975 0.000763 0.002045 0.441470 0.227404 0.055856 0.002508 0.001821 0.000552 0.006356 0.008103 0.002551 0.006953 0.004898 0.004582 0.140246 0.025837 0.017256 0.005108 0.002977 0.004888 0.005195 0.001655 0.001305
0.008974 0.023335 0.347590 0.007704 0.005180 0.244252 0.001173 0.003541 0.046577 0.000354 0.000881 0.017132 0.001378 0.000829 0.006362 0.000861 0.000935 0.039061 0.001025 0.005460 0.035500 0.003327 0.002471 0.184143 0.000126 0.000324 0.011504
0.004012 0.065715 0.019153 0.012886 0.328479 0.074606 0.000880 0.005360 0.002985 0.015837 0.221396 0.054071 0.000129 0.000491 0.000320 0.008375 0.063444 0.045245 0.001990 0.042785 0.009581 0.001146 0.005568 0.011547 0.000374 0.002473 0.001152
0.053721 0.000483 0.002714 0.029340 0.000326 0.002427 0.711623 0.015062 0.011806 0.027359 0.001465 0.000907 0.013703 0.000794 0.000866 0.029757 0.001094 0.001181 0.012403 0.000226 0.000177 0.075665 0.001183 0.001381 0.004000 0.000130 0.000207
0.124899 0.041229 0.625116 0.019491 0.006781 0.052218 0.004275 0.005366 0.018807 0.012165 0.004280 0.042064 0.000481 0.000413 0.002160 0.004632 0.002171 0.021007 0.000160 0.000442 0.001247 0.001266 0.000176 0.007259 0.000502 0.000156 0.001236
0.002698 0.019165 0.052023 0.011253 0.021096 0.258005 0.000714 0.001961 0.020148 0.006979 0.033577 0.282356 0.001451 0.003167 0.022757 0.014945 0.015260 0.126622 0.003145 0.006772 0.027887 0.001606 0.000874 0.055964 0.000613 0.000298 0.008661
0.001507 0.002024 0.000394 0.002783 0.003754 0.000538 0.010068 0.015274 0.002286 0.176703 0.371579 0.024833 0.001548 0.015232 0.001970 0.076253 0.081101 0.004403 0.116614 0.072350 0.007546 0.001835 0.001630 0.000375 0.005264 0.001692 0.000442
0.121848 0.184480 0.527764 0.015747 0.006829 0.020767 0.014588 0.043691 0.032755 0.001605 0.002782 0.003609 0.000320 0.000463 0.000488 0.001040 0.003898 0.006693 0.000144 0.001285 0.000650 0.000937 0.000870 0.005592 0.000261 0.000320 0.000575
0.061689 0.001145 0.003014 0.026158 0.000540 0.000627 0.341995 0.013457 0.006173 0.088436 0.005229 0.001647 0.030881 0.017024 0.001916 0.146242 0.011569 0.003483 0.119183 0.004172 0.001198 0.074462 0.002901 0.002155 0.032895 0.000523 0.001287
0.021751 0.001341 0.002459 0.446481 0.015778 0.010840 0.022817 0.003237 0.002787 0.020618 0.003755 0.001032 0.048914 0.004669 0.002014 0.182100 0.017124 0.008381 0.053685 0.001389 0.000814 0.097423 0.004620 0.015708 0.006468 0.001522 0.002274
0.002049 0.010141 0.000997 0.002534 0.005885 0.000495 0.008820 0.023649 0.004287 0.009630 0.035517 0.002666 0.060003 0.165786 0.027528 0.028930 0.071661 0.003148 0.112427 0.336331 0.022732 0.006289 0.030230 0.003795 0.008989 0.010614 0.004866
0.018098 0.001214 0.001678 0.022735 0.000566 0.001471 0.131455 0.011558 0.011910 0.334597 0.023087 0.021702 0.062720 0.004340 0.009834 0.230217 0.008230 0.005097 0.045647 0.000967 0.000952 0.023270 0.000320 0.000436 0.023754 0.001685 0.002460
0.002282 0.120847 0.002612 0.005417 0.155599 0.001951 0.001108 0.036463 0.000634 0.000273 0.015973 0.000297 0.000912 0.003659 0.000265 0.002954 0.066051 0.001116 0.001386 0.090727 0.001267 0.006039 0.468068 0.003082 0.000284 0.010413 0.000321
0.176288 0.188971 0.200188 0.073604 0.037204 0.024739 0.069989 0.095975 0.054025 0.003529 0.009658 0.004104 0.001595 0.000815 0.001061 0.009086 0.010599 0.010326 0.001333 0.002721 0.001022 0.009060 0.003946 0.005786 0.001468 0.002250 0.000657
0.022348 0.001282 0.006905 0.826922 0.022578 0.048550 0.006942 0.004307 0.004014 0.009804 0.001293 0.001478 0.001574 0.000186 0.000262 0.011600 0.000676 0.003143 0.001156 0.000210 0.000348 0.018968 0.000609 0.003916 0.000680 0.000089 0.000159
0.147901 0.419454 0.247697 0.029281 0.041086 0.018690 0.007299 0.007868 0.010479 0.004433 0.005310 0.005006 0.000439 0.000740 0.000607 0.007852 0.015017 0.012430 0.000323 0.001012 0.000785 0.003506 0.004563 0.005079 0.000791 0.001586 0.000767
0.632868 0.011971 0.180227 0.053877 0.001585 0.013202 0.045556 0.002828 0.010112 0.013818 0.000688 0.002172 0.001499 0.000193 0.000911 0.011535 0.001286 0.005632 0.000289 0.000074 0.000181 0.005718 0.000103 0.001675 0.001564 0.000094 0.000343
0.126206 0.051646 0.381421 0.031734 0.003742 0.040570 0.016812 0.002016 0.020655 0.010423 0.002869 0.020529 0.003830 0.001821 0.012061 0.054001 0.010942 0.137592 0.010051 0.001650 0.010993 0.007594 0.000512 0.025054 0.004284 0.000715 0.010276
0.006833 0.079500 0.022330 0.018609 0.124437 0.008632 0.034935 0.211319 0.016540 0.023326 0.106253 0.009132 0.001606 0.015565 0.001354 0.010630 0.141617 0.008993 0.005929 0.044413 0.003751 0.012011 0.079255 0.004732 0.003264 0.004260 0.000775
0.000331 0.015356 0.001414 0.005528 0.252496 0.003762 0.000244 0.007309 0.000933 0.001184 0.043006 0.000915 0.000744 0.021029 0.000997 0.003085 0.055912 0.003874 0.008466 0.160189 0.020203 0.024942 0.340965 0.021676 0.000428 0.004403 0.000608
0.007972 0.003712 0.001398 0.426714 0.296679 0.016032 0.007478 0.007354 0.001744 0.017761 0.008393 0.000571 0.006249 0.001432 0.000240 0.022228 0.018137 0.004283 0.009244 0.001418 0.000704 0.106387 0.021810 0.007311 0.002384 0.001978 0.000387
0.015106 0.023118 0.063961 0.024170 0.006401 0.060335 0.018045 0.011085 0.084981 0.008884 0.005996 0.021594 0.107452 0.020987 0.314928 0.009507 0.003638 0.017340 0.009436 0.009821 0.039101 0.017284 0.005596 0.054870 0.002320 0.002137 0.041909
0.003523 0.014544 0.025343 0.038866 0.039145 0.048225 0.004220 0.017667 0.006925 0.003977 0.009193 0.013023 0.081315 0.031740 0.125660 0.017409 0.015638 0.043853 0.026264 0.064762 0.057300 0.059348 0.034928 0.143562 0.003099 0.004773 0.065698
0.000494 0.050031 0.001050 0.001204 0.018095 0.000484 0.001426 0.085659 0.000917 0.000042 0.001729 0.000073 0.002729 0.007481 0.001325 0.000397 0.013789 0.000961 0.002542 0.089707 0.004984 0.007061 0.686185 0.008737 0.000310 0.011747 0.000842
0.001327 0.020010 0.006016 0.006524 0.019055 0.005850 0.002566 0.015268 0.007941 0.001210 0.007579 0.002146 0.153737 0.135792 0.227897 0.006414 0.024512 0.015583 0.039744 0.075522 0.038804 0.055221 0.067747 0.031395 0.001711 0.015699 0.014731
0.063961 0.086260 0.031509 0.224206 0.116075 0.040412 0.011668 0.028884 0.005314 0.016070 0.007565 0.003211 0.020658 0.002157 0.003270 0.036873 0.029880 0.017829 0.005274 0.004852 0.002824 0.157072 0.040921 0.027200 0.004169 0.007896 0.003989
0.002648 0.001445 0.000726 0.012028 0.000594 0.000262 0.046495 0.196934 0.011945 0.003905 0.001094 0.000320 0.029786 0.020618 0.009483 0.006804 0.005406 0.001830 0.384160 0.143804 0.085443 0.012393 0.002788 0.001860 0.006920 0.005760 0.004549
0.017639 0.002657 0.003215 0.030476 0.000622 0.001311 0.650153 0.127933 0.041421 0.006208 0.001860 0.000952 0.040719 0.004660 0.004161 0.010716 0.002677 0.001382 0.017168 0.001396 0.001023 0.023762 0.001821 0.000492 0.003291 0.001451 0.000833
0.071541 0.261620 0.250242 0.006703 0.000776 0.006008 0.028294 0.051419 0.191778 0.003725 0.006177 0.023580 0.004937 0.005572 0.046555 0.004750 0.003321 0.006942 0.000992 0.005581 0.006453 0.002757 0.001132 0.001940 0.001518 0.002136 0.003549
0.036298 0.011825 0.017627 0.283455 0.050194 0.041121 0.036325 0.030859 0.011113 0.012130 0.010209 0.006014 0.010443 0.009656 0.004778 0.038208 0.031838 0.021680 0.026658 0.021804 0.016403 0.183423 0.022077 0.051169 0.006710 0.002601 0.005381
0.023633 0.359908 0.077314 0.041666 0.241002 0.095271 0.000943 0.003516 0.003940 0.000643 0.003737 0.003239 0.000224 0.000543 0.000268 0.005294 0.026004 0.021937 0.000334 0.003493 0.003784 0.007521 0.025991 0.043447 0.000427 0.004386 0.001535
0.034541 0.058588 0.427661 0.008747 0.003139 0.070788 0.003336 0.004731 0.061727 0.005506 0.002928 0.095552 0.002848 0.007532 0.087412 0.005672 0.002502 0.044152 0.000694 0.002131 0.019047 0.002781 0.000984 0.038471 0.000865 0.000435 0.007229
0.002253 0.247693 0.009015 0.009593 0.437512 0.012829 0.000840 0.011513 0.002184 0.001385 0.047348 0.005536 0.000230 0.002555 0.000495 0.001928 0.118872 0.006869 0.000165 0.009396 0.001175 0.002036 0.059743 0.006046 0.000234 0.002384 0.000172
0.038694 0.004751 0.027463 0.031498 0.000925 0.017833 0.313832 0.031835 0.348089 0.020532 0.003313 0.020037 0.013896 0.004180 0.026793 0.021426 0.002909 0.020384 0.011602 0.001165 0.007644 0.018147 0.000269 0.004949 0.005257 0.000586 0.001991
0.054468 0.012495 0.138322 0.018675 0.000761 0.037938 0.066283 0.014364 0.232295 0.004346 0.001674 0.050285 0.029540 0.005963 0.174811 0.010071 0.001654 0.043875 0.005869 0.001967 0.024733 0.021328 0.000736 0.020451 0.002850 0.000719 0.023527
0.018249 0.363011 0.006868 0.008255 0.174932 0.001759 0.002485 0.023485 0.000556 0.002093 0.022036 0.001247 0.001166 0.003219 0.000317 0.010593 0.167970 0.003490 0.000291 0.005524 0.000340 0.024848 0.145366 0.003647 0.000984 0.007078 0.000189
0.002541 0.106080 0.004602 0.029135 0.421088 0.013993 0.001426 0.014884 0.004372 0.003284 0.088378 0.004527 0.000981 0.008007 0.001066 0.003528 0.072859 0.006521 0.001223 0.021223 0.004124 0.017883 0.155086 0.007448 0.000333 0.005118 0.000288
