0.009469 0.051317 0.037612 0.011145 0.009077 0.021988 0.095207 0.198869 0.314170 0.011023 0.033974 0.042047 0.006862 0.010315 0.015318 0.006135 0.012411 0.019558 0.009538 0.012468 0.023432 0.004248 0.009732 0.008353 0.007497 0.008435 0.009801
0.013969 0.027420 0.025981 0.016376 0.005241 0.022717 0.169147 0.217697 0.416850 0.009041 0.022419 0.025351 0.001086 0.000965 0.001930 0.001703 0.003518 0.005771 0.000995 0.001994 0.003790 0.001100 0.000807 0.000773 0.001315 0.001025 0.001020
0.013704 0.905660 0.014316 0.001170 0.009385 0.000603 0.000606 0.008444 0.001459 0.000650 0.004287 0.000744 0.000164 0.002127 0.000550 0.000613 0.014975 0.001761 0.000074 0.004182 0.000580 0.000985 0.009608 0.000825 0.000294 0.002003 0.000231
0.065225 0.367545 0.388477 0.010867 0.011875 0.030408 0.005079 0.017669 0.032671 0.000851 0.002262 0.004355 0.000866 0.002381 0.004028 0.000795 0.006160 0.018209 0.000200 0.002431 0.003857 0.003333 0.004463 0.011706 0.000574 0.000950 0.002762
0.048777 0.032343 0.034962 0.014391 0.001965 0.003541 0.282879 0.134370 0.243091 0.057536 0.026815 0.028085 0.004918 0.009497 0.009560 0.010579 0.010960 0.007530 0.007831 0.004971 0.005760 0.003875 0.001127 0.000982 0.009655 0.001676 0.002326
0.027950 0.068367 0.006104 0.014034 0.037088 0.001980 0.034102 0.065678 0.004865 0.001505 0.002736 0.000230 0.003622 0.008920 0.000365 0.003747 0.033955 0.002222 0.001614 0.005036 0.000809 0.146101 0.512144 0.011608 0.001551 0.003184 0.000482
0.027292 0.033659 0.035618 0.009305 0.002438 0.005820 0.157786 0.221923 0.415436 0.005546 0.006039 0.007203 0.001847 0.004992 0.005143 0.002735 0.003771 0.008320 0.005154 0.010092 0.015057 0.004757 0.002326 0.002330 0.002903 0.001200 0.001306
0.006648 0.036868 0.002941 0.023450 0.459432 0.008029 0.001047 0.003134 0.000373 0.000960 0.005898 0.000203 0.000747 0.003593 0.000164 0.015105 0.048289 0.009659 0.007312 0.017816 0.003959 0.052571 0.261320 0.023307 0.000954 0.005613 0.000606
0.032748 0.281895 0.063367 0.015717 0.016557 0.003188 0.090398 0.341790 0.070367 0.000969 0.002901 0.000800 0.000494 0.003896 0.000445 0.001037 0.005783 0.003293 0.001503 0.003456 0.002637 0.003077 0.039267 0.008430 0.001459 0.004069 0.000456
0.013004 0.003799 0.002534 0.015243 0.001583 0.000422 0.436537 0.057367 0.032028 0.172187 0.043142 0.006839 0.008810 0.021558 0.004882 0.045541 0.020050 0.002789 0.059670 0.002520 0.002020 0.012133 0.002120 0.000303 0.029155 0.003127 0.000634
0.115900 0.005001 0.027094 0.288327 0.020038 0.147195 0.035603 0.005123 0.032000 0.047699 0.005022 0.020698 0.015582 0.001449 0.004420 0.040426 0.001601 0.013649 0.001901 0.000212 0.001751 0.136165 0.002570 0.023330 0.003653 0.000694 0.002896
0.024121 0.019542 0.016504 0.050632 0.024439 0.020137 0.062609 0.037948 0.053734 0.221488 0.179889 0.194114 0.000969 0.001160 0.001419 0.026187 0.014547 0.020776 0.006216 0.003197 0.005467 0.003049 0.001355 0.002129 0.004639 0.002295 0.001437
0.000300 0.001166 0.000825 0.002150 0.011081 0.004611 0.006629 0.015832 0.009876 0.024144 0.252860 0.051007 0.000606 0.014110 0.002106 0.005157 0.022781 0.006890 0.112667 0.317925 0.121834 0.001240 0.005804 0.002725 0.001631 0.002463 0.001580
0.002270 0.008753 0.005628 0.055070 0.453177 0.200651 0.001241 0.003256 0.005991 0.004374 0.030545 0.004967 0.001423 0.002947 0.001042 0.005961 0.022097 0.022367 0.008108 0.030870 0.030397 0.019368 0.017094 0.053285 0.000619 0.003957 0.004542
0.003334 0.071945 0.001368 0.006722 0.208727 0.004321 0.000755 0.006179 0.000611 0.004386 0.072294 0.001667 0.000525 0.008503 0.000667 0.010516 0.131557 0.010539 0.022297 0.223304 0.030089 0.011598 0.141012 0.011286 0.001651 0.013366 0.000784
0.179559 0.314640 0.352537 0.025530 0.012144 0.018765 0.008479 0.015422 0.010637 0.000795 0.000823 0.000652 0.000618 0.001065 0.001042 0.001279 0.002828 0.007206 0.000352 0.001541 0.001871 0.007825 0.004282 0.027166 0.000716 0.001232 0.000993
0.006146 0.027319 0.016895 0.010932 0.046391 0.011710 0.064526 0.190568 0.056007 0.023357 0.100392 0.019615 0.005693 0.092493 0.012563 0.008941 0.120789 0.021060 0.023554 0.058407 0.022312 0.010743 0.023388 0.009479 0.009203 0.004484 0.003033
0.078690 0.004785 0.009950 0.560601 0.023626 0.061127 0.010800 0.001973 0.003749 0.020970 0.001556 0.002063 0.009581 0.000863 0.001875 0.088454 0.002631 0.016356 0.005006 0.000219 0.000842 0.081503 0.000956 0.006562 0.003230 0.000699 0.001333
0.001503 0.014757 0.007933 0.002985 0.004163 0.006513 0.007991 0.213000 0.071783 0.000842 0.003379 0.005252 0.003661 0.022343 0.010162 0.001040 0.003367 0.004091 0.025559 0.345045 0.218238 0.000389 0.004195 0.008168 0.000769 0.002528 0.010345
0.419662 0.094927 0.061947 0.042312 0.005968 0.007538 0.081424 0.048722 0.020282 0.012310 0.007604 0.005005 0.026010 0.007348 0.013032 0.039555 0.014027 0.008250 0.005103 0.006014 0.003074 0.044555 0.008815 0.006611 0.004950 0.002274 0.002683
0.081148 0.768351 0.087215 0.004778 0.015604 0.004795 0.002096 0.007438 0.004399 0.000198 0.002231 0.000649 0.000123 0.000163 0.000091 0.000357 0.007194 0.001253 0.000017 0.000958 0.000172 0.000699 0.007722 0.001226 0.000093 0.000806 0.000224
0.003321 0.072207 0.011944 0.001332 0.003516 0.001265 0.022754 0.416819 0.030132 0.000222 0.001767 0.000285 0.002349 0.051861 0.005676 0.000721 0.013164 0.002565 0.015679 0.226914 0.033462 0.004075 0.057666 0.010968 0.000881 0.006671 0.001784
0.001929 0.083303 0.004075 0.001266 0.007062 0.000945 0.004155 0.061516 0.010327 0.000504 0.008441 0.001408 0.036909 0.294031 0.093976 0.001673 0.035924 0.004348 0.006018 0.128829 0.015784 0.012640 0.156635 0.010433 0.001411 0.012987 0.003469
0.129880 0.252270 0.504910 0.006114 0.002452 0.011178 0.004792 0.017032 0.024520 0.001294 0.001705 0.004212 0.001670 0.001578 0.007573 0.001617 0.002709 0.007753 0.000165 0.001775 0.001370 0.002828 0.001265 0.006131 0.000475 0.000849 0.001884
0.023178 0.017885 0.035714 0.059115 0.022105 0.045642 0.012235 0.012982 0.011340 0.019041 0.015112 0.026383 0.068827 0.102409 0.101891 0.028007 0.038849 0.033544 0.018060 0.024612 0.020892 0.052880 0.018319 0.153293 0.009922 0.002755 0.025009
0.002810 0.004912 0.026232 0.026893 0.027795 0.336912 0.001421 0.002668 0.031206 0.015005 0.022448 0.346042 0.000859 0.000480 0.003143 0.006037 0.004044 0.082827 0.000986 0.001037 0.009144 0.002127 0.000394 0.037048 0.000778 0.000281 0.006474
0.001387 0.049851 0.002626 0.000415 0.002248 0.000218 0.003705 0.300886 0.006432 0.000498 0.003638 0.000792 0.000937 0.098362 0.004081 0.000741 0.014878 0.001470 0.010098 0.403688 0.043050 0.001276 0.038823 0.003213 0.000785 0.005058 0.000845
0.219645 0.014641 0.026767 0.078996 0.008525 0.027641 0.022212 0.004919 0.010812 0.051527 0.008172 0.027080 0.017278 0.002618 0.011976 0.270989 0.012036 0.074254 0.013519 0.001064 0.001955 0.072960 0.000467 0.005544 0.009418 0.001320 0.003663
0.009231 0.002731 0.005541 0.015369 0.009835 0.003534 0.004829 0.003757 0.002533 0.579867 0.208484 0.114738 0.000324 0.000326 0.000319 0.021266 0.005223 0.005714 0.000932 0.000562 0.000304 0.001520 0.000147 0.000319 0.002250 0.000194 0.000150
0.000714 0.012538 0.005538 0.018862 0.116129 0.046700 0.000728 0.008336 0.005437 0.000197 0.005976 0.002478 0.007193 0.026365 0.007619 0.003542 0.015917 0.014285 0.010506 0.079239 0.032633 0.039288 0.279581 0.251393 0.000268 0.002067 0.006470
0.001741 0.000822 0.000199 0.002689 0.000371 0.000052 0.040278 0.053182 0.003200 0.002903 0.001370 0.000085 0.014305 0.030321 0.002426 0.008458 0.009045 0.001306 0.690616 0.091054 0.024612 0.004069 0.005326 0.000798 0.006886 0.002660 0.001225
0.003517 0.002615 0.004834 0.006500 0.001035 0.007564 0.095243 0.030705 0.109029 0.023387 0.022376 0.029824 0.058012 0.019470 0.067167 0.034029 0.008341 0.016738 0.280988 0.042565 0.079990 0.008824 0.001101 0.002926 0.012558 0.008677 0.021985
0.005909 0.119509 0.045944 0.003339 0.001814 0.010621 0.022604 0.231869 0.303613 0.002927 0.015061 0.015336 0.008388 0.015096 0.041949 0.002269 0.010780 0.007494 0.008612 0.073383 0.025806 0.001889 0.004433 0.004056 0.001464 0.008149 0.007685
0.645678 0.044875 0.056421 0.034849 0.002275 0.002682 0.074212 0.012165 0.008143 0.036395 0.005206 0.004011 0.005432 0.000843 0.001147 0.031562 0.005502 0.003507 0.001379 0.000682 0.000302 0.016539 0.001082 0.000875 0.003039 0.000595 0.000599
0.007467 0.232599 0.049946 0.003318 0.018249 0.005862 0.007418 0.050533 0.016001 0.002588 0.022245 0.008230 0.006249 0.097468 0.015198 0.003331 0.040208 0.008885 0.007385 0.189265 0.027525 0.009015 0.134524 0.024377 0.001183 0.006125 0.004805
0.025968 0.126944 0.053019 0.003169 0.001253 0.002024 0.094396 0.226312 0.244715 0.023190 0.079631 0.035666 0.001325 0.005456 0.007419 0.003614 0.014528 0.005700 0.003812 0.024812 0.008447 0.000867 0.001090 0.000529 0.002767 0.002293 0.001054
0.005934 0.172270 0.031724 0.003998 0.015027 0.015757 0.042241 0.258690 0.165559 0.001546 0.031974 0.008783 0.003279 0.021849 0.008161 0.001817 0.038858 0.013478 0.004403 0.091066 0.022575 0.003581 0.022869 0.007949 0.000638 0.004043 0.001930
0.001181 0.004617 0.001925 0.030340 0.327800 0.036966 0.001022 0.020919 0.003002 0.000495 0.009163 0.000618 0.000862 0.003939 0.000287 0.003226 0.015517 0.010427 0.018562 0.185075 0.044057 0.048723 0.176875 0.048800 0.000326 0.003927 0.001350
0.517157 0.050704 0.336510 0.018071 0.003171 0.007192 0.012784 0.003830 0.006097 0.006824 0.001189 0.003018 0.000841 0.000868 0.001268 0.008461 0.002199 0.007303 0.000871 0.000679 0.000524 0.003365 0.000296 0.005201 0.000720 0.000328 0.000527
0.031433 0.013737 0.006050 0.058350 0.034878 0.002414 0.193531 0.042831 0.005315 0.065185 0.051761 0.002061 0.007258 0.014190 0.000434 0.115636 0.168344 0.006744 0.051343 0.006872 0.000598 0.068594 0.028861 0.002058 0.018290 0.002856 0.000375
0.025759 0.001192 0.003814 0.005653 0.000194 0.000885 0.712500 0.028855 0.061192 0.002644 0.001073 0.001314 0.077797 0.009215 0.025377 0.006978 0.001156 0.001622 0.012845 0.000465 0.000510 0.012083 0.001025 0.000636 0.003625 0.000649 0.000941
0.004591 0.021346 0.010630 0.021557 0.152334 0.028087 0.009061 0.046875 0.016664 0.008641 0.172317 0.016736 0.004313 0.013193 0.003205 0.011131 0.065067 0.017965 0.015640 0.249798 0.023751 0.015821 0.051129 0.006727 0.001532 0.008116 0.003771
0.018343 0.004009 0.020058 0.111793 0.019572 0.075957 0.100809 0.108947 0.092441 0.008736 0.008878 0.009751 0.011370 0.003064 0.002799 0.038728 0.008844 0.044297 0.093461 0.016581 0.030746 0.123309 0.008927 0.028137 0.003621 0.002559 0.004263
0.068757 0.018606 0.091935 0.125472 0.032831 0.448728 0.002558 0.003214 0.009566 0.002449 0.001008 0.007236 0.001736 0.000293 0.001113 0.009002 0.001486 0.029479 0.000952 0.000997 0.005784 0.028578 0.002878 0.101298 0.000434 0.000442 0.003168
0.043868 0.007790 0.079397 0.064555 0.006049 0.243858 0.006097 0.001624 0.022304 0.042730 0.010376 0.253575 0.003088 0.000625 0.008612 0.064361 0.003534 0.096871 0.002962 0.000680 0.007005 0.008318 0.000175 0.014017 0.001634 0.000246 0.005651
0.000138 0.003008 0.000157 0.000526 0.014339 0.000400 0.000268 0.005725 0.000176 0.000363 0.010039 0.000232 0.000188 0.011176 0.000271 0.001804 0.043530 0.000974 0.041683 0.705723 0.025273 0.004255 0.122579 0.003301 0.000249 0.003269 0.000354
0.000107 0.009986 0.001264 0.001365 0.108943 0.006529 0.000293 0.007897 0.001800 0.000356 0.034807 0.000489 0.001316 0.017294 0.003174 0.000872 0.065575 0.003745 0.023532 0.436819 0.046442 0.007318 0.182657 0.025782 0.000294 0.009792 0.001552
0.001835 0.024223 0.005422 0.008249 0.040825 0.005924 0.041151 0.553048 0.058048 0.009205 0.111980 0.002418 0.002695 0.004472 0.002033 0.002682 0.041295 0.002823 0.011448 0.027874 0.005499 0.005772 0.019353 0.002083 0.001764 0.007570 0.000311
0.132229 0.006878 0.025204 0.093077 0.006360 0.012450 0.050370 0.021380 0.016724 0.467979 0.018671 0.031738 0.001842 0.000253 0.000847 0.079981 0.004921 0.009396 0.001735 0.000218 0.000394 0.009889 0.000066 0.000431 0.006349 0.000299 0.000320
0.024521 0.005982 0.090755 0.043082 0.004175 0.226923 0.013968 0.004191 0.070122 0.039917 0.015229 0.346271 0.001829 0.000467 0.009090 0.011406 0.002239 0.065903 0.001030 0.000265 0.004491 0.005358 0.000070 0.007106 0.001272 0.000120 0.004217
0.000331 0.008998 0.001034 0.004115 0.162875 0.006149 0.000657 0.019344 0.000924 0.000966 0.028545 0.001104 0.000444 0.009015 0.000597 0.002923 0.041488 0.004516 0.023981 0.345628 0.031311 0.017830 0.261739 0.021297 0.000325 0.003066 0.000798
0.031439 0.194014 0.037320 0.016282 0.120564 0.016570 0.011520 0.025411 0.007960 0.064016 0.162982 0.024508 0.000874 0.002480 0.001065 0.050405 0.122559 0.054844 0.007224 0.012040 0.004947 0.011125 0.006096 0.004369 0.003409 0.005029 0.000946
0.002753 0.012798 0.004083 0.017871 0.048713 0.007498 0.008324 0.043757 0.006915 0.004257 0.019041 0.001956 0.034397 0.228071 0.026126 0.011379 0.042501 0.003579 0.030184 0.081892 0.011439 0.128678 0.197517 0.019518 0.001522 0.003427 0.001805
0.122530 0.242649 0.392882 0.014284 0.005943 0.011114 0.031479 0.038549 0.105502 0.002663 0.005468 0.005407 0.000564 0.000771 0.002037 0.001243 0.003213 0.004084 0.000336 0.001063 0.000928 0.002052 0.001252 0.002339 0.000654 0.000447 0.000548
0.101047 0.328714 0.094586 0.042967 0.131419 0.016498 0.032694 0.029192 0.017379 0.011086 0.038270 0.005502 0.001330 0.003311 0.001245 0.009433 0.064476 0.014231 0.002193 0.010352 0.001983 0.013652 0.019566 0.005041 0.001433 0.001933 0.000467
0.034018 0.022057 0.711772 0.011606 0.004317 0.085240 0.002754 0.001847 0.030491 0.003996 0.002408 0.047279 0.000369 0.000271 0.003523 0.001044 0.000731 0.020230 0.000223 0.000711 0.002458 0.001277 0.000157 0.009115 0.000209 0.000098 0.001796
0.124788 0.006569 0.012895 0.036166 0.001729 0.001263 0.474771 0.018461 0.007148 0.116482 0.005892 0.001300 0.020447 0.004807 0.001505 0.061990 0.008853 0.003355 0.013629 0.000467 0.000244 0.056230 0.003598 0.001328 0.015237 0.000338 0.000510
0.018222 0.022899 0.467165 0.009778 0.002904 0.064145 0.012953 0.010162 0.194964 0.004031 0.003343 0.050403 0.005078 0.003239 0.058018 0.001192 0.000906 0.019869 0.001089 0.001844 0.009569 0.003516 0.000961 0.022990 0.000673 0.000302 0.009786
0.039657 0.000847 0.006614 0.075438 0.000811 0.001589 0.654979 0.038191 0.012778 0.044414 0.001801 0.001296 0.038562 0.001814 0.001903 0.015575 0.001368 0.002300 0.013832 0.000551 0.000331 0.033252 0.000949 0.000604 0.009374 0.000282 0.000887
0.005096 0.001582 0.004755 0.017978 0.001012 0.001412 0.376251 0.141761 0.065309 0.001860 0.001104 0.000874 0.189229 0.031311 0.016357 0.001720 0.001563 0.001038 0.032999 0.008159 0.009300 0.031484 0.025653 0.019841 0.004669 0.002216 0.005467
0.024996 0.001469 0.004585 0.706041 0.008167 0.061086 0.013527 0.001551 0.008265 0.010609 0.001025 0.006604 0.042693 0.000684 0.006731 0.049414 0.000914 0.017212 0.006442 0.000095 0.001013 0.012653 0.000258 0.005039 0.003038 0.000434 0.005456
0.060323 0.092266 0.017828 0.061209 0.047998 0.005464 0.033753 0.019208 0.007264 0.113009 0.121552 0.037199 0.020798 0.018395 0.009150 0.100248 0.058760 0.025323 0.035985 0.016210 0.004953 0.020974 0.031483 0.008816 0.012625 0.012990 0.006217
0.002147 0.047145 0.020855 0.015033 0.167979 0.165716 0.001639 0.011627 0.026015 0.012545 0.185114 0.205268 0.001197 0.003729 0.005517 0.003349 0.017656 0.035782 0.001520 0.018103 0.013634 0.003524 0.010464 0.019160 0.000362 0.001800 0.003119
0.000467 0.017026 0.000544 0.000758 0.011773 0.000518 0.003109 0.238355 0.004334 0.001533 0.121083 0.001686 0.000242 0.006414 0.000338 0.002214 0.051056 0.001694 0.013449 0.491139 0.012905 0.001006 0.011997 0.000201 0.000401 0.005603 0.000155
0.001955 0.012094 0.004719 0.003484 0.009293 0.004375 0.057747 0.633114 0.132003 0.005317 0.079460 0.006183 0.000583 0.002807 0.000703 0.001168 0.012559 0.002582 0.002607 0.015321 0.002693 0.001947 0.004625 0.000549 0.000573 0.001405 0.000136
0.006889 0.228768 0.004624 0.001961 0.032970 0.000559 0.001163 0.028135 0.002732 0.007917 0.101910 0.004025 0.003018 0.084771 0.005722 0.008672 0.158564 0.004543 0.003342 0.135847 0.004718 0.015223 0.142581 0.002999 0.001255 0.006684 0.000406
0.055940 0.007827 0.150690 0.087023 0.011136 0.383800 0.005420 0.005064 0.058297 0.023314 0.005271 0.079486 0.001459 0.000425 0.003359 0.016834 0.001053 0.071955 0.000983 0.000503 0.004371 0.006346 0.000129 0.015944 0.000800 0.000144 0.002425
0.130880 0.001914 0.019450 0.218881 0.002724 0.013102 0.159200 0.012494 0.021899 0.180219 0.006234 0.011405 0.014809 0.001154 0.002471 0.101304 0.002746 0.010998 0.009422 0.000397 0.000610 0.062262 0.000542 0.002409 0.011357 0.000187 0.000930
0.007223 0.063629 0.070714 0.002849 0.003048 0.009272 0.034202 0.092288 0.359365 0.014561 0.049582 0.163894 0.002758 0.030231 0.020548 0.002425 0.012359 0.009327 0.002993 0.019531 0.015350 0.000624 0.002531 0.005087 0.001345 0.000617 0.003647
0.112623 0.041801 0.288040 0.010747 0.001008 0.022035 0.050750 0.037763 0.381561 0.003848 0.004378 0.021633 0.000924 0.000570 0.004457 0.001645 0.001662 0.007339 0.000395 0.000858 0.001543 0.000614 0.000140 0.001742 0.000747 0.000193 0.000984
0.003809 0.040867 0.009486 0.004802 0.040998 0.006905 0.009132 0.035790 0.017125 0.044781 0.374091 0.050308 0.001555 0.023652 0.003273 0.022424 0.165588 0.015387 0.012585 0.078261 0.010971 0.002613 0.013161 0.005478 0.002998 0.002751 0.001206
0.009402 0.027586 0.004283 0.004708 0.013270 0.001475 0.003327 0.015186 0.002343 0.006860 0.019201 0.002475 0.031212 0.381913 0.037867 0.037910 0.146659 0.006213 0.023129 0.091171 0.005459 0.046879 0.058528 0.013795 0.003157 0.004188 0.001803
0.043941 0.006732 0.114237 0.066382 0.009063 0.308850 0.009869 0.004102 0.085142 0.013031 0.006575 0.062256 0.038197 0.001269 0.052891 0.017931 0.002411 0.069371 0.003820 0.000529 0.005273 0.017133 0.000599 0.040314 0.001291 0.000565 0.018225
0.064357 0.126293 0.056329 0.016603 0.013234 0.003512 0.042554 0.125302 0.013482 0.023432 0.016779 0.006453 0.023113 0.045128 0.017432 0.038939 0.039894 0.011609 0.043282 0.084060 0.016837 0.049287 0.077859 0.018934 0.006550 0.009817 0.008932
0.189329 0.028822 0.210244 0.028495 0.002740 0.027557 0.130419 0.028051 0.185024 0.020270 0.006527 0.025977 0.008122 0.002502 0.010040 0.019339 0.004314 0.029483 0.004621 0.002443 0.004478 0.016340 0.000811 0.006052 0.002648 0.000458 0.004893
0.056169 0.001166 0.005527 0.460132 0.008174 0.009321 0.088269 0.018807 0.006955 0.084880 0.005660 0.002034 0.006209 0.000517 0.000360 0.143856 0.006094 0.007751 0.022564 0.000796 0.000294 0.055900 0.000454 0.001218 0.006359 0.000193 0.000342
0.023408 0.025814 0.045262 0.226190 0.283291 0.189244 0.002915 0.011067 0.015875 0.039501 0.046850 0.053242 0.000206 0.000157 0.000127 0.009244 0.004887 0.010236 0.000248 0.001011 0.000565 0.004016 0.001344 0.004156 0.000416 0.000394 0.000334
0.002614 0.001935 0.004578 0.070500 0.085805 0.067214 0.010364 0.012831 0.029905 0.109441 0.334706 0.111528 0.000297 0.000731 0.000453 0.017614 0.011800 0.030209 0.027858 0.037003 0.019696 0.006227 0.001376 0.002208 0.001549 0.000680 0.000877
0.000973 0.026838 0.000957 0.002949 0.156415 0.001995 0.000233 0.010253 0.000436 0.000256 0.017913 0.000192 0.000186 0.006567 0.000195 0.002776 0.079145 0.002186 0.013766 0.439988 0.010626 0.005792 0.209577 0.006182 0.000144 0.003221 0.000241
0.000849 0.005513 0.000902 0.000459 0.002277 0.000204 0.008931 0.420972 0.013204 0.000143 0.002398 0.000061 0.000656 0.015976 0.000785 0.000298 0.008078 0.000222 0.023582 0.430488 0.032285 0.000943 0.026465 0.002560 0.000418 0.001115 0.000215
0.034151 0.003334 0.004724 0.449466 0.042182 0.034446 0.019727 0.007933 0.007432 0.007939 0.002711 0.000847 0.031118 0.002197 0.006300 0.028317 0.003683 0.005203 0.025826 0.003016 0.001736 0.261912 0.005518 0.005419 0.001640 0.001953 0.001268
0.000501 0.015122 0.001241 0.002092 0.051996 0.002446 0.001541 0.029917 0.003822 0.000289 0.020752 0.000425 0.001466 0.009761 0.001724 0.001056 0.029799 0.001531 0.016239 0.601152 0.021939 0.003660 0.167281 0.007773 0.000396 0.005164 0.000916
0.003970 0.038459 0.010484 0.001512 0.005972 0.004108 0.016802 0.110298 0.119927 0.030902 0.458205 0.043948 0.001504 0.006040 0.012735 0.010433 0.033317 0.006072 0.013236 0.048672 0.014718 0.000659 0.000910 0.000458 0.002324 0.003228 0.001107
0.212452 0.019737 0.054250 0.062078 0.005294 0.018535 0.131894 0.065218 0.031623 0.062557 0.012260 0.010634 0.016034 0.005062 0.007764 0.107530 0.011683 0.016079 0.014221 0.005121 0.002763 0.110715 0.003043 0.005222 0.005296 0.000860 0.002073
0.007533 0.001153 0.001955 0.092098 0.008876 0.008978 0.021032 0.013520 0.005355 0.032412 0.009207 0.002137 0.007726 0.006843 0.002462 0.105882 0.016771 0.011504 0.482805 0.045658 0.021517 0.068996 0.003926 0.012304 0.005152 0.001147 0.003054
0.029904 0.720875 0.094285 0.005954 0.043655 0.012026 0.002210 0.010890 0.005993 0.001406 0.005611 0.001907 0.000118 0.000887 0.000170 0.001690 0.032320 0.008584 0.000270 0.003871 0.000891 0.001372 0.007085 0.005311 0.000278 0.001930 0.000508
0.000349 0.030623 0.002414 0.000158 0.001818 0.000165 0.001032 0.221488 0.004878 0.000275 0.006696 0.000274 0.000040 0.006416 0.000436 0.000120 0.008277 0.000302 0.002588 0.686938 0.017851 0.000104 0.005045 0.000225 0.000095 0.001272 0.000121
0.008570 0.217731 0.019193 0.003520 0.077666 0.013687 0.002695 0.029512 0.014812 0.009843 0.152069 0.013890 0.001960 0.042391 0.014962 0.010944 0.183689 0.027683 0.004320 0.092898 0.010821 0.012386 0.021752 0.005574 0.001099 0.005112 0.001221
0.000283 0.011797 0.002531 0.007090 0.481883 0.041065 0.000425 0.016649 0.004011 0.004335 0.138272 0.010601 0.000242 0.002605 0.000787 0.000871 0.039782 0.005083 0.002865 0.152982 0.024300 0.003618 0.028635 0.015536 0.000291 0.002902 0.000559
0.082036 0.250579 0.022214 0.036071 0.216731 0.015924 0.017566 0.042951 0.006942 0.007845 0.025369 0.002466 0.001932 0.004173 0.000874 0.019586 0.103462 0.016324 0.002977 0.005097 0.001457 0.049681 0.048686 0.012173 0.001661 0.004848 0.000372
0.000082 0.005425 0.000403 0.000223 0.006622 0.000622 0.000194 0.008379 0.001113 0.000180 0.008223 0.000408 0.000439 0.048934 0.002262 0.000239 0.013260 0.001324 0.014723 0.759151 0.089112 0.001334 0.032491 0.002921 0.000101 0.001341 0.000495
0.092199 0.007672 0.044294 0.030583 0.000919 0.010523 0.406856 0.046099 0.299323 0.005576 0.002516 0.002753 0.008685 0.000960 0.008640 0.003426 0.000977 0.005384 0.004285 0.000638 0.001691 0.010680 0.000325 0.001812 0.001755 0.000381 0.001048
0.317486 0.010334 0.035705 0.081250 0.002665 0.006443 0.267952 0.035505 0.030863 0.042830 0.006387 0.004921 0.047635 0.002444 0.009754 0.030063 0.003768 0.005661 0.003673 0.000561 0.000451 0.044491 0.001205 0.001173 0.005399 0.000397 0.000985
0.672848 0.013371 0.067488 0.027152 0.001502 0.007241 0.115638 0.005887 0.021962 0.016799 0.002446 0.005375 0.006571 0.000475 0.003412 0.011026 0.001957 0.005079 0.000660 0.000079 0.000150 0.008858 0.000198 0.000750 0.002358 0.000179 0.000540
0.075487 0.014165 0.211319 0.006119 0.000648 0.015092 0.008536 0.000885 0.027542 0.017766 0.005182 0.104790 0.026090 0.012333 0.298240 0.023753 0.002521 0.071051 0.007642 0.001406 0.012369 0.009231 0.000413 0.017304 0.002760 0.000462 0.026893
0.036939 0.029635 0.259670 0.043074 0.013777 0.219424 0.011564 0.008833 0.063863 0.006230 0.006509 0.060300 0.009132 0.002878 0.029078 0.003009 0.004268 0.039640 0.000774 0.001675 0.011580 0.011433 0.003520 0.104753 0.000995 0.000249 0.017198
0.002400 0.004404 0.002265 0.000717 0.000723 0.000152 0.023333 0.259968 0.005789 0.004261 0.006834 0.001377 0.023393 0.152332 0.036366 0.004939 0.016263 0.002014 0.083750 0.303493 0.033703 0.005604 0.008710 0.001777 0.004811 0.006500 0.004122
0.042742 0.025705 0.035838 0.009469 0.002306 0.010190 0.178806 0.159066 0.182354 0.015412 0.026384 0.031550 0.051093 0.028791 0.097854 0.015416 0.017188 0.010601 0.006299 0.009851 0.005566 0.015185 0.002066 0.003530 0.007202 0.002660 0.006877
0.034191 0.072182 0.034215 0.055174 0.161458 0.033664 0.017113 0.079801 0.018279 0.040856 0.132909 0.038100 0.008392 0.005370 0.002472 0.033824 0.056908 0.019065 0.003721 0.030471 0.004459 0.044088 0.045388 0.016754 0.003673 0.005065 0.002407
0.026399 0.258979 0.006416 0.017632 0.338120 0.006464 0.002277 0.008545 0.000885 0.005685 0.082414 0.003607 0.000555 0.001444 0.000132 0.012953 0.174848 0.006019 0.000315 0.002939 0.000260 0.006259 0.028959 0.002291 0.000760 0.004676 0.000170
0.014699 0.074729 0.014174 0.036344 0.103037 0.033543 0.063475 0.216163 0.100503 0.003971 0.037034 0.006299 0.014287 0.027270 0.005692 0.004847 0.055019 0.014722 0.006830 0.016859 0.007529 0.025694 0.087675 0.022249 0.001428 0.004118 0.001810
0.004011 0.001141 0.008041 0.006829 0.000501 0.006152 0.306093 0.141466 0.488940 0.003673 0.002510 0.005568 0.002518 0.001036 0.001952 0.000873 0.000564 0.002146 0.004680 0.002567 0.004230 0.001682 0.000326 0.000775 0.000865 0.000202 0.000658
0.439895 0.015221 0.056477 0.024443 0.001158 0.006293 0.041760 0.005022 0.015393 0.011218 0.001999 0.007908 0.075168 0.009043 0.057227 0.075014 0.004437 0.022367 0.010586 0.001344 0.004267 0.078879 0.002654 0.018559 0.004919 0.000745 0.008003
0.144923 0.054964 0.053499 0.043048 0.022146 0.018972 0.065052 0.114141 0.018637 0.001166 0.001382 0.000722 0.014812 0.004646 0.002705 0.008674 0.010832 0.010327 0.003134 0.004115 0.003472 0.192641 0.091183 0.108192 0.001927 0.002200 0.002489
0.025928 0.011213 0.033515 0.017016 0.006665 0.019212 0.035355 0.027415 0.088889 0.272271 0.096167 0.320745 0.001238 0.000518 0.002401 0.012965 0.007053 0.011546 0.000688 0.000547 0.000855 0.001980 0.000199 0.001428 0.003119 0.000356 0.000716
0.159091 0.005612 0.015288 0.070609 0.001680 0.004604 0.418000 0.033914 0.025187 0.147859 0.012209 0.011676 0.011707 0.001260 0.001556 0.033602 0.003360 0.003934 0.003611 0.000438 0.000328 0.025304 0.000905 0.000868 0.006661 0.000261 0.000476
0.000468 0.029221 0.000829 0.000860 0.081188 0.000435 0.000191 0.006338 0.000263 0.000126 0.009898 0.000179 0.000227 0.006514 0.000095 0.000644 0.025511 0.000791 0.001419 0.073853 0.002017 0.005810 0.745830 0.004868 0.000087 0.002219 0.000120
0.001475 0.007347 0.004709 0.000764 0.001166 0.001246 0.074904 0.453207 0.222492 0.001490 0.026646 0.005367 0.000689 0.010851 0.005437 0.000190 0.004295 0.001566 0.011232 0.109911 0.048400 0.000212 0.002820 0.001130 0.000731 0.001188 0.000531
0.018888 0.005735 0.071071 0.007895 0.001267 0.074205 0.034799 0.011843 0.313970 0.021921 0.013843 0.326721 0.002346 0.001513 0.015650 0.004514 0.002334 0.043393 0.001361 0.001655 0.009276 0.002568 0.000074 0.004828 0.001237 0.000132 0.006959
0.014609 0.002349 0.003065 0.005295 0.000513 0.000463 0.254044 0.282982 0.024658 0.045796 0.020622 0.006452 0.005254 0.007577 0.003391 0.022885 0.005642 0.001847 0.143915 0.107009 0.025360 0.004389 0.000988 0.000653 0.007792 0.001367 0.001081
0.037329 0.001218 0.001550 0.029832 0.001218 0.001353 0.465183 0.025750 0.013588 0.014903 0.004188 0.001070 0.117402 0.008886 0.003341 0.071400 0.007916 0.002798 0.035938 0.000769 0.000290 0.139349 0.003179 0.001250 0.007821 0.001578 0.000899
0.025170 0.186997 0.005453 0.046945 0.360422 0.007990 0.001449 0.005921 0.000661 0.005244 0.046522 0.002347 0.001704 0.002469 0.000248 0.051430 0.142290 0.014085 0.004296 0.024387 0.002056 0.008522 0.033735 0.004130 0.001907 0.012661 0.000960
0.011131 0.019422 0.011423 0.046418 0.067145 0.026383 0.003305 0.009112 0.008148 0.048539 0.098727 0.039403 0.030426 0.064079 0.076807 0.069664 0.054493 0.020145 0.035574 0.037022 0.020452 0.120292 0.027567 0.039913 0.005392 0.004008 0.005010
0.078161 0.066587 0.035102 0.015293 0.004140 0.007058 0.150554 0.212846 0.225286 0.003803 0.005511 0.005526 0.027899 0.039050 0.039978 0.004983 0.009344 0.005208 0.007960 0.006440 0.004047 0.016098 0.012714 0.007648 0.003442 0.002203 0.003117
0.193540 0.014772 0.518517 0.039584 0.001819 0.057592 0.033515 0.004837 0.081885 0.003879 0.001061 0.011174 0.001669 0.000230 0.003682 0.002128 0.000583 0.016805 0.000655 0.000337 0.001683 0.002299 0.000077 0.004215 0.000828 0.000105 0.002529
0.011907 0.087254 0.041422 0.010871 0.023542 0.011021 0.037575 0.049515 0.022279 0.008748 0.030982 0.012073 0.044899 0.213076 0.090388 0.012988 0.090728 0.025624 0.022931 0.047179 0.018423 0.011506 0.027525 0.023126 0.006568 0.004216 0.013637
0.011311 0.023141 0.015550 0.045226 0.134957 0.030564 0.004747 0.013141 0.009539 0.107927 0.244581 0.098280 0.002552 0.003394 0.002131 0.053407 0.074338 0.063222 0.006146 0.009929 0.004228 0.020845 0.003426 0.005404 0.005962 0.003273 0.002779
0.001339 0.013257 0.017245 0.001905 0.010380 0.039073 0.003011 0.028601 0.064903 0.010563 0.107415 0.276225 0.001279 0.017074 0.022736 0.005977 0.013417 0.033961 0.023558 0.144558 0.138706 0.001950 0.003275 0.010121 0.001126 0.001573 0.006775
0.008160 0.132889 0.537224 0.001395 0.001581 0.024597 0.001275 0.026173 0.047218 0.000220 0.000677 0.007337 0.002062 0.006360 0.081212 0.000305 0.001020 0.014630 0.000477 0.012309 0.031190 0.002416 0.002845 0.046415 0.000231 0.000624 0.009157
0.030391 0.002425 0.008283 0.026040 0.000469 0.001604 0.732756 0.094636 0.027179 0.009861 0.000930 0.000835 0.012392 0.001289 0.002818 0.008416 0.001690 0.003845 0.014795 0.000757 0.001206 0.007115 0.000458 0.000905 0.007512 0.000511 0.000884
0.001822 0.013884 0.036592 0.001702 0.000822 0.012486 0.046168 0.133705 0.581180 0.000583 0.002626 0.013733 0.002771 0.009711 0.023447 0.000546 0.001942 0.010047 0.008030 0.022814 0.055177 0.001224 0.001981 0.008066 0.000829 0.000653 0.007457
0.001567 0.003226 0.003685 0.001290 0.004486 0.001122 0.027177 0.556430 0.019305 0.001282 0.012357 0.000824 0.004939 0.025044 0.011484 0.000846 0.007619 0.001207 0.017854 0.229259 0.028237 0.005158 0.027541 0.003070 0.001213 0.002888 0.000890
0.001169 0.006204 0.005703 0.004037 0.032614 0.028660 0.001511 0.008670 0.017542 0.021877 0.580077 0.099785 0.002910 0.011584 0.013750 0.004142 0.028779 0.009197 0.005276 0.088438 0.016857 0.002077 0.002393 0.001418 0.000619 0.002184 0.002528
0.005095 0.095393 0.005269 0.001190 0.031007 0.001272 0.001545 0.088760 0.003524 0.004624 0.141131 0.005471 0.002267 0.019614 0.004229 0.007042 0.107258 0.003429 0.007774 0.389896 0.009868 0.005517 0.044005 0.002100 0.000931 0.011266 0.000524
0.002080 0.001650 0.009621 0.003417 0.000440 0.019047 0.022585 0.020463 0.232344 0.017506 0.019974 0.201157 0.021222 0.011098 0.312680 0.005028 0.002520 0.016685 0.017551 0.009103 0.033560 0.002133 0.000128 0.002446 0.002438 0.000871 0.012252
0.000059 0.003271 0.000350 0.000223 0.007402 0.000577 0.000180 0.016642 0.000601 0.000036 0.007004 0.000264 0.000339 0.005718 0.001053 0.000127 0.008434 0.000400 0.003647 0.871953 0.023110 0.000530 0.043571 0.001817 0.000064 0.002266 0.000362
0.001250 0.004971 0.001343 0.001817 0.008494 0.000870 0.014368 0.070025 0.011437 0.021257 0.222774 0.006760 0.022136 0.047669 0.025998 0.024529 0.082000 0.004122 0.184941 0.183380 0.019935 0.004876 0.005572 0.000789 0.006972 0.020451 0.001264
0.008524 0.050301 0.058355 0.027835 0.069464 0.111063 0.002452 0.012554 0.020643 0.009591 0.062835 0.053738 0.025865 0.017750 0.050370 0.026960 0.043112 0.060273 0.021405 0.065168 0.060099 0.035218 0.013240 0.050718 0.002138 0.013725 0.026606
0.000156 0.003751 0.000920 0.000497 0.001080 0.000436 0.000711 0.067906 0.002295 0.000258 0.002287 0.000555 0.001055 0.006926 0.003265 0.000329 0.003687 0.000789 0.022214 0.762718 0.107497 0.000581 0.002609 0.001684 0.000263 0.004025 0.001506
0.052684 0.113090 0.096831 0.014107 0.003809 0.023791 0.071449 0.159328 0.133097 0.003247 0.010445 0.017831 0.018480 0.018652 0.105868 0.014250 0.013207 0.014248 0.007198 0.030963 0.027511 0.016744 0.004800 0.012923 0.003671 0.004647 0.007129
0.000255 0.001073 0.010213 0.000485 0.000253 0.022951 0.003605 0.041146 0.161386 0.000565 0.005860 0.075956 0.000635 0.002127 0.035517 0.000321 0.000517 0.009849 0.011512 0.093483 0.502823 0.000208 0.000127 0.003290 0.000297 0.000439 0.015108
0.011430 0.164775 0.013978 0.010484 0.151963 0.009939 0.006578 0.155474 0.006804 0.003880 0.073706 0.006427 0.002474 0.011735 0.003740 0.006995 0.077458 0.005718 0.002150 0.107405 0.005372 0.016295 0.132779 0.005225 0.000768 0.005835 0.000612
0.156120 0.439678 0.168627 0.018552 0.055387 0.027203 0.003884 0.009218 0.005364 0.003180 0.014446 0.010435 0.000578 0.001024 0.000943 0.005831 0.032222 0.016619 0.000249 0.003883 0.001306 0.008728 0.005848 0.006890 0.000599 0.002239 0.000949
0.022931 0.009224 0.048204 0.232600 0.040948 0.419392 0.010938 0.007282 0.035157 0.010774 0.008525 0.033287 0.001636 0.000343 0.002344 0.029153 0.006333 0.051580 0.001813 0.000761 0.002196 0.010661 0.000569 0.010599 0.001092 0.000244 0.001414
0.098830 0.092373 0.057693 0.012100 0.001818 0.003112 0.134018 0.431517 0.063776 0.000613 0.000604 0.000629 0.003867 0.011004 0.006028 0.006624 0.004547 0.004023 0.006611 0.008419 0.003563 0.019674 0.017695 0.004481 0.002681 0.002860 0.000838
0.000199 0.006567 0.002518 0.000673 0.003246 0.001496 0.001421 0.006238 0.004885 0.000149 0.004788 0.001088 0.004423 0.072581 0.018228 0.000486 0.005074 0.003596 0.053714 0.411199 0.245998 0.008780 0.115742 0.015135 0.000359 0.004396 0.007021
0.022670 0.058156 0.006910 0.310924 0.442913 0.048828 0.001805 0.007067 0.001718 0.003426 0.007660 0.001562 0.001211 0.000849 0.000384 0.008848 0.017375 0.006648 0.000718 0.002258 0.001539 0.023089 0.011587 0.007473 0.000557 0.003298 0.000528
0.050083 0.000861 0.006779 0.127543 0.002477 0.008403 0.269329 0.007930 0.013698 0.044549 0.002251 0.002068 0.097642 0.001668 0.017461 0.125053 0.002481 0.009777 0.046661 0.000457 0.001018 0.141434 0.001650 0.001220 0.012913 0.001357 0.003241
0.016106 0.076516 0.041877 0.068466 0.144918 0.069981 0.013158 0.011596 0.028942 0.032599 0.086918 0.051252 0.065501 0.013635 0.036664 0.051258 0.047291 0.034159 0.006382 0.008917 0.004695 0.012815 0.020075 0.023694 0.006091 0.008542 0.017950
0.028115 0.000499 0.002433 0.028222 0.000332 0.001549 0.767245 0.016612 0.015314 0.015893 0.000874 0.001127 0.037107 0.001115 0.003048 0.021948 0.000888 0.002198 0.029886 0.000271 0.000426 0.016376 0.000604 0.000379 0.006049 0.000454 0.001034
0.000585 0.040464 0.004012 0.000559 0.002707 0.000205 0.001213 0.346822 0.004882 0.000360 0.006425 0.000412 0.000254 0.001536 0.000502 0.000171 0.004395 0.000147 0.001246 0.561764 0.005758 0.000334 0.010338 0.000227 0.000151 0.004178 0.000355
0.001470 0.002109 0.008023 0.000842 0.000355 0.004111 0.001056 0.005877 0.019755 0.000372 0.000821 0.005607 0.031318 0.015547 0.861096 0.000897 0.000783 0.004776 0.002467 0.005786 0.010745 0.004117 0.000981 0.004796 0.000335 0.000713 0.005244
0.037830 0.006170 0.005028 0.192991 0.033195 0.006992 0.045741 0.026967 0.002891 0.050424 0.009098 0.002045 0.156547 0.007270 0.011901 0.084509 0.036071 0.007818 0.027855 0.008301 0.001459 0.184125 0.016591 0.012293 0.016812 0.004652 0.004425
0.001606 0.082790 0.023366 0.003815 0.014302 0.017826 0.005897 0.130709 0.046408 0.000262 0.006228 0.004026 0.016925 0.029005 0.035834 0.001215 0.013688 0.009335 0.011804 0.325733 0.090737 0.003960 0.053518 0.047613 0.000723 0.007800 0.014877
0.001009 0.008035 0.000621 0.001218 0.031241 0.000826 0.000939 0.007448 0.000555 0.010290 0.155913 0.004018 0.002422 0.018543 0.002484 0.018388 0.140710 0.008009 0.052434 0.471384 0.019774 0.008314 0.017148 0.001007 0.002888 0.013285 0.001096
0.004808 0.012064 0.005469 0.002234 0.001279 0.002053 0.252631 0.231507 0.330170 0.001840 0.008380 0.003618 0.019603 0.039966 0.014977 0.001362 0.008286 0.003562 0.014052 0.013193 0.006846 0.004490 0.009544 0.002082 0.002490 0.001954 0.001540
0.038081 0.008128 0.020855 0.295183 0.052807 0.056528 0.029862 0.027090 0.031686 0.072513 0.044929 0.030168 0.033014 0.006136 0.007710 0.041469 0.009132 0.011850 0.008547 0.008259 0.002966 0.134489 0.013261 0.009407 0.002770 0.001435 0.001727
0.125871 0.023997 0.141143 0.038942 0.005397 0.026573 0.171731 0.047899 0.271624 0.015182 0.006803 0.029421 0.011016 0.002269 0.008085 0.010910 0.002812 0.010325 0.003511 0.002037 0.003314 0.022991 0.003471 0.009175 0.002334 0.000842 0.002326
0.035521 0.012649 0.837385 0.004343 0.000746 0.029715 0.003071 0.001054 0.029120 0.001226 0.000693 0.020414 0.000418 0.000126 0.002279 0.000640 0.000245 0.010349 0.000117 0.000350 0.001429 0.000959 0.000110 0.004847 0.000126 0.000074 0.001993
0.023348 0.002583 0.009189 0.094879 0.006628 0.007171 0.021902 0.008515 0.006348 0.534051 0.056199 0.059415 0.001136 0.000952 0.001186 0.070533 0.014164 0.026895 0.028391 0.003669 0.002698 0.008615 0.000152 0.002354 0.007791 0.000261 0.000972
0.017246 0.026024 0.134853 0.046895 0.019315 0.391030 0.011556 0.009328 0.098794 0.003385 0.004859 0.039168 0.008172 0.002216 0.016623 0.004454 0.003479 0.028393 0.000988 0.001709 0.006507 0.015713 0.003786 0.099008 0.000445 0.000203 0.005849
0.056475 0.032599 0.553839 0.011439 0.002580 0.075037 0.007761 0.003493 0.059681 0.003512 0.001734 0.059368 0.002029 0.000884 0.011653 0.004938 0.001245 0.065374 0.001192 0.001273 0.009041 0.004171 0.000412 0.018639 0.000671 0.000170 0.010789
0.036100 0.006057 0.014739 0.062164 0.004542 0.006040 0.341877 0.049058 0.015469 0.132525 0.014123 0.008112 0.009131 0.003673 0.001674 0.125630 0.018133 0.025637 0.050271 0.003063 0.002361 0.042596 0.002762 0.003106 0.018600 0.000920 0.001635
0.004468 0.090461 0.015378 0.025584 0.110131 0.007858 0.022905 0.248545 0.031322 0.001854 0.018683 0.001672 0.006562 0.043710 0.001830 0.003199 0.057031 0.004436 0.004341 0.052781 0.004693 0.015834 0.206266 0.015884 0.000963 0.002920 0.000690
0.002397 0.102051 0.002265 0.004860 0.193656 0.001127 0.000594 0.019990 0.000904 0.000947 0.020355 0.000497 0.000428 0.009066 0.000159 0.001707 0.069188 0.002284 0.001996 0.089532 0.003210 0.009655 0.453179 0.005516 0.000323 0.003954 0.000156
0.000636 0.012299 0.001398 0.001704 0.005224 0.000715 0.011332 0.320248 0.017405 0.000491 0.003906 0.000267 0.005839 0.067351 0.004359 0.001262 0.017719 0.001475 0.058264 0.356288 0.045434 0.003845 0.051838 0.004520 0.000820 0.004773 0.000587
0.350464 0.323160 0.228679 0.012498 0.005437 0.006210 0.007816 0.023211 0.007049 0.001630 0.000743 0.000600 0.000890 0.000800 0.000646 0.004578 0.006170 0.003503 0.000207 0.001644 0.000448 0.006609 0.002200 0.003198 0.000531 0.000714 0.000365
0.056761 0.001442 0.008168 0.436121 0.006351 0.009144 0.055802 0.005543 0.005664 0.095753 0.003200 0.001678 0.009034 0.000686 0.000626 0.102884 0.004325 0.006301 0.020271 0.000348 0.000344 0.153199 0.000949 0.004641 0.009883 0.000291 0.000593
0.008341 0.002213 0.002261 0.026344 0.006598 0.000937 0.064642 0.019846 0.006077 0.032016 0.015388 0.001867 0.042174 0.138562 0.004649 0.078317 0.025695 0.002832 0.259526 0.043549 0.006877 0.108405 0.063049 0.018168 0.017144 0.002413 0.002112
0.001207 0.012939 0.002127 0.000890 0.002521 0.000297 0.009084 0.475822 0.011266 0.000193 0.002621 0.000106 0.000664 0.011260 0.000532 0.000254 0.006841 0.000199 0.006575 0.411197 0.012938 0.000550 0.025675 0.001971 0.000342 0.001651 0.000278
0.006157 0.006025 0.003869 0.008632 0.001237 0.000799 0.234160 0.440576 0.098280 0.001927 0.005541 0.000720 0.020546 0.030461 0.012167 0.001441 0.005601 0.001211 0.029183 0.048123 0.013747 0.005900 0.014210 0.002073 0.002876 0.003450 0.001088
0.014926 0.003766 0.003120 0.024178 0.001134 0.002572 0.591512 0.218319 0.105232 0.002935 0.003564 0.000668 0.003365 0.001061 0.000453 0.002658 0.003868 0.001374 0.004903 0.002577 0.000758 0.003384 0.001239 0.000311 0.001039 0.000839 0.000244
0.005144 0.010946 0.045308 0.033432 0.019681 0.639757 0.000966 0.001237 0.026919 0.005162 0.005401 0.118805 0.001131 0.000520 0.003635 0.005173 0.001201 0.034680 0.000357 0.000893 0.005685 0.001244 0.000473 0.028872 0.000160 0.000191 0.003028
0.005515 0.008542 0.012351 0.107498 0.112439 0.056028 0.003639 0.011392 0.008887 0.172936 0.240482 0.197023 0.000287 0.000350 0.000529 0.014822 0.006241 0.022390 0.001897 0.005723 0.002574 0.002271 0.001011 0.003052 0.000968 0.000612 0.000541
