0.094666 0.008354 0.016496 0.096042 0.004874 0.034961 0.118630 0.007441 0.028507 0.132512 0.012054 0.043892 0.062722 0.004050 0.030169 0.142531 0.011052 0.039209 0.014029 0.000418 0.002494 0.038282 0.000891 0.006119 0.033332 0.003188 0.013083
0.011806 0.004061 0.002247 0.064830 0.007561 0.004001 0.188369 0.037610 0.007318 0.005741 0.002961 0.001029 0.291203 0.035133 0.016903 0.026496 0.019646 0.003744 0.040311 0.005312 0.002497 0.120754 0.046669 0.018944 0.015443 0.010137 0.009273
0.199935 0.122474 0.061645 0.257414 0.046361 0.059093 0.066476 0.050135 0.024675 0.013519 0.008794 0.006928 0.006533 0.000948 0.001421 0.011143 0.009060 0.007246 0.000541 0.000505 0.000894 0.021161 0.006165 0.010534 0.002509 0.002210 0.001681
0.012199 0.014697 0.001171 0.366886 0.392796 0.007370 0.007016 0.010020 0.001131 0.007016 0.011605 0.000634 0.001959 0.001121 0.000080 0.013876 0.019585 0.002145 0.001475 0.001335 0.000343 0.077887 0.039986 0.003771 0.001680 0.002071 0.000144
0.004943 0.002354 0.000472 0.028373 0.007891 0.000957 0.106623 0.040592 0.011841 0.371100 0.120947 0.007863 0.004106 0.006124 0.000613 0.082822 0.030087 0.004163 0.121270 0.008383 0.002316 0.011096 0.003313 0.000240 0.017510 0.003707 0.000294
0.006846 0.097675 0.004014 0.029804 0.193824 0.006431 0.024745 0.091980 0.014906 0.005432 0.053188 0.001081 0.003417 0.013024 0.000482 0.012483 0.167343 0.003718 0.006217 0.028006 0.002098 0.025001 0.187489 0.005484 0.001726 0.013127 0.000460
0.153109 0.008963 0.004999 0.059056 0.003000 0.001518 0.062672 0.004126 0.004716 0.144453 0.005688 0.003131 0.022464 0.003236 0.001968 0.393490 0.015282 0.007863 0.018382 0.000387 0.000370 0.058973 0.001164 0.001317 0.017850 0.001116 0.000707
0.012582 0.022629 0.011929 0.209103 0.153439 0.043503 0.018308 0.036460 0.021737 0.097273 0.171974 0.037831 0.006975 0.005377 0.002159 0.021347 0.082808 0.007990 0.001871 0.003620 0.001012 0.008780 0.010096 0.005498 0.003132 0.001778 0.000790
0.007910 0.048575 0.004718 0.130508 0.236503 0.022778 0.003888 0.014934 0.006463 0.034507 0.185228 0.028558 0.004742 0.011205 0.002277 0.022626 0.100274 0.012226 0.003775 0.014478 0.004964 0.027941 0.047978 0.016467 0.001945 0.003585 0.000948
0.000390 0.018764 0.000390 0.001423 0.019235 0.000516 0.000632 0.018862 0.001202 0.000327 0.009533 0.000376 0.002082 0.096355 0.002070 0.000849 0.047828 0.001138 0.010364 0.467416 0.028595 0.006243 0.249093 0.009684 0.000553 0.005396 0.000685
0.005011 0.013068 0.047747 0.014235 0.007437 0.121173 0.007277 0.012267 0.148262 0.009822 0.010318 0.084069 0.012349 0.012754 0.059294 0.008678 0.006860 0.076218 0.017350 0.012229 0.101289 0.020488 0.002532 0.147712 0.002895 0.002734 0.035933
0.009226 0.000749 0.002608 0.024042 0.000535 0.001845 0.369228 0.056765 0.023741 0.165797 0.007569 0.014443 0.036582 0.004597 0.005441 0.084510 0.004497 0.008920 0.114197 0.003241 0.004857 0.019738 0.000635 0.001822 0.029362 0.001761 0.003293
0.095369 0.421588 0.072158 0.019274 0.004199 0.005827 0.050043 0.058449 0.024263 0.002019 0.001756 0.001882 0.015164 0.023449 0.011542 0.018415 0.024799 0.020373 0.009508 0.011717 0.009276 0.032848 0.022993 0.019386 0.005107 0.009865 0.008732
0.023396 0.079324 0.039197 0.024823 0.014289 0.014848 0.211467 0.313335 0.197966 0.004784 0.012902 0.005816 0.003832 0.003456 0.001751 0.002536 0.014386 0.005130 0.001191 0.003530 0.002207 0.003910 0.008416 0.003717 0.001514 0.001366 0.000909
0.013195 0.155161 0.065400 0.005740 0.005260 0.007639 0.048785 0.180290 0.414856 0.001145 0.007799 0.005641 0.001611 0.007594 0.003330 0.001223 0.008006 0.008676 0.002185 0.019894 0.012355 0.003153 0.011456 0.004940 0.000827 0.001925 0.001912
0.008536 0.041088 0.003982 0.059841 0.373062 0.013294 0.009549 0.052714 0.007114 0.029992 0.175790 0.007377 0.001339 0.002827 0.000338 0.016687 0.118472 0.010024 0.002076 0.008783 0.001001 0.014445 0.035424 0.002184 0.001489 0.002379 0.000193
0.000043 0.001404 0.000090 0.000192 0.001186 0.000111 0.000447 0.010414 0.001032 0.000065 0.001900 0.000079 0.000556 0.027772 0.000533 0.000409 0.007020 0.000625 0.064763 0.766292 0.098212 0.000617 0.013055 0.001059 0.000201 0.001558 0.000365
0.004191 0.055399 0.003445 0.002923 0.008262 0.001151 0.050600 0.519752 0.049571 0.001024 0.008428 0.000544 0.029227 0.077226 0.010755 0.002086 0.030287 0.001123 0.005986 0.034635 0.003967 0.011194 0.071988 0.004060 0.002006 0.009508 0.000662
0.000229 0.004616 0.000929 0.004215 0.015029 0.003782 0.003257 0.037852 0.027534 0.000114 0.006613 0.000886 0.042086 0.084745 0.027099 0.000278 0.005527 0.001902 0.024119 0.257416 0.141616 0.016565 0.242993 0.028804 0.000518 0.014312 0.006964
0.010533 0.004724 0.001306 0.039263 0.034616 0.001885 0.010030 0.006401 0.003080 0.501975 0.261601 0.026863 0.008605 0.002563 0.001363 0.022232 0.022615 0.003308 0.004153 0.004117 0.000967 0.006950 0.002233 0.000375 0.010386 0.007300 0.000556
0.031816 0.076156 0.013029 0.150096 0.257602 0.024305 0.008305 0.024454 0.007354 0.044490 0.129037 0.021918 0.011055 0.007920 0.003528 0.026442 0.061090 0.006034 0.002208 0.007051 0.001727 0.028744 0.035346 0.008423 0.003538 0.007641 0.000690
0.045170 0.753554 0.060273 0.006702 0.020042 0.002866 0.004714 0.019274 0.007539 0.002139 0.015715 0.004391 0.000464 0.004079 0.001347 0.001389 0.018149 0.003503 0.000273 0.006074 0.001634 0.001453 0.012435 0.002437 0.000667 0.003359 0.000358
0.052756 0.142228 0.014834 0.095922 0.366830 0.018020 0.036743 0.049796 0.010347 0.011098 0.041755 0.003994 0.001426 0.002513 0.000430 0.008155 0.080702 0.007913 0.000940 0.002326 0.000518 0.013466 0.030740 0.002847 0.001378 0.002205 0.000118
0.018542 0.003809 0.007081 0.093445 0.009920 0.012124 0.052421 0.019429 0.037786 0.069061 0.019380 0.018475 0.039090 0.072016 0.018660 0.070994 0.012708 0.017577 0.099884 0.010194 0.011888 0.250945 0.011681 0.011439 0.007478 0.001849 0.002122
0.019299 0.005216 0.021311 0.009124 0.003510 0.008323 0.010074 0.005499 0.034752 0.384737 0.054147 0.397713 0.001396 0.001529 0.002890 0.016202 0.007155 0.008220 0.000617 0.000338 0.000667 0.002098 0.000129 0.001204 0.002868 0.000212 0.000772
0.021478 0.000733 0.001647 0.013311 0.000130 0.000538 0.728971 0.017869 0.021738 0.005713 0.000557 0.000955 0.121389 0.007209 0.007984 0.008165 0.000939 0.001099 0.013327 0.000345 0.000354 0.016913 0.001075 0.000566 0.005229 0.000664 0.001104
0.005862 0.656744 0.016692 0.004288 0.080298 0.004622 0.000754 0.016180 0.002857 0.000975 0.035771 0.003934 0.000554 0.002474 0.000765 0.001849 0.057674 0.007528 0.000572 0.046718 0.003333 0.001637 0.029566 0.003796 0.000450 0.013008 0.001101
0.044718 0.007606 0.089191 0.030360 0.001033 0.033147 0.144855 0.038497 0.524829 0.008794 0.003275 0.023578 0.004297 0.000749 0.008603 0.002827 0.000659 0.011898 0.001759 0.001073 0.006113 0.003484 0.000189 0.004513 0.001281 0.000276 0.002396
0.001313 0.002048 0.001093 0.001917 0.003703 0.000448 0.006692 0.011017 0.001421 0.001807 0.005703 0.000469 0.026348 0.430551 0.021514 0.006576 0.017120 0.002237 0.068220 0.212946 0.036153 0.039588 0.085307 0.007358 0.001658 0.004037 0.002755
0.023324 0.011926 0.026943 0.052412 0.008095 0.068258 0.151782 0.115063 0.308919 0.013776 0.017892 0.024815 0.019885 0.003193 0.011883 0.024128 0.013394 0.029065 0.010754 0.003411 0.007870 0.023190 0.002164 0.010494 0.007305 0.005168 0.004892
0.245683 0.002795 0.011829 0.168568 0.002851 0.005033 0.053624 0.005391 0.006404 0.070613 0.003746 0.005490 0.041202 0.002331 0.002988 0.134493 0.003360 0.005118 0.007516 0.000366 0.000684 0.197702 0.002502 0.006837 0.010811 0.000707 0.001355
0.001837 0.006496 0.000613 0.006245 0.018940 0.000792 0.007958 0.035297 0.001996 0.000326 0.003886 0.000138 0.010696 0.082521 0.001626 0.003709 0.040917 0.000991 0.042788 0.331105 0.018028 0.026066 0.332109 0.014080 0.002158 0.007666 0.001016
0.003766 0.046050 0.004793 0.026907 0.144253 0.020344 0.028986 0.125752 0.067742 0.004673 0.117197 0.004017 0.006145 0.011509 0.002303 0.005563 0.105935 0.010585 0.019931 0.086836 0.028166 0.011201 0.066312 0.014179 0.003009 0.032512 0.001333
0.012533 0.001352 0.004726 0.091542 0.003646 0.007356 0.029154 0.009115 0.014399 0.533251 0.035410 0.043690 0.014625 0.001913 0.004437 0.110951 0.004372 0.008529 0.013783 0.000935 0.001346 0.043475 0.000353 0.001135 0.006582 0.000683 0.000710
0.007483 0.009005 0.017486 0.007574 0.001038 0.005239 0.273147 0.176519 0.439609 0.002258 0.002910 0.004475 0.010206 0.007196 0.005112 0.000969 0.002199 0.002179 0.004074 0.003138 0.003397 0.002981 0.004220 0.004355 0.000949 0.000902 0.001381
0.000796 0.003450 0.001017 0.003553 0.013911 0.001472 0.002484 0.017061 0.004795 0.000395 0.016555 0.000766 0.014314 0.155681 0.016838 0.000563 0.011493 0.001068 0.014721 0.416470 0.045138 0.015503 0.223650 0.009663 0.000385 0.004926 0.003330
0.035155 0.013810 0.100058 0.040123 0.012760 0.245905 0.011506 0.006888 0.107970 0.014978 0.010856 0.104857 0.025044 0.003165 0.042269 0.026743 0.004389 0.067789 0.004226 0.001278 0.013589 0.024246 0.001346 0.056994 0.003052 0.001809 0.019196
0.119811 0.167346 0.218812 0.069397 0.087223 0.086332 0.010843 0.026057 0.025530 0.017670 0.044341 0.059187 0.000676 0.000340 0.000619 0.006924 0.017403 0.013951 0.000234 0.001488 0.001477 0.007458 0.004300 0.008268 0.000857 0.002068 0.001388
0.053120 0.003545 0.033928 0.147163 0.005069 0.077800 0.034863 0.005535 0.037592 0.294394 0.024522 0.162495 0.002208 0.000199 0.001883 0.068749 0.002741 0.019950 0.002102 0.000363 0.001461 0.013219 0.000128 0.002636 0.003125 0.000309 0.000901
0.004347 0.010604 0.006831 0.007149 0.005489 0.003830 0.020957 0.044005 0.020296 0.005607 0.017264 0.016505 0.120658 0.438490 0.128084 0.006955 0.017788 0.006207 0.011509 0.035479 0.010002 0.015164 0.026116 0.008096 0.002363 0.002385 0.007819
0.002343 0.082452 0.007519 0.008543 0.044331 0.014580 0.001557 0.013815 0.007827 0.000246 0.005599 0.003073 0.016676 0.042585 0.019651 0.002563 0.045607 0.040579 0.012138 0.135149 0.103312 0.030053 0.160834 0.164552 0.001135 0.012601 0.020680
0.101501 0.006500 0.025668 0.079032 0.001456 0.020229 0.366398 0.041734 0.164485 0.015200 0.002337 0.011940 0.062274 0.001438 0.025636 0.020778 0.001701 0.012866 0.006018 0.000396 0.001616 0.015129 0.000347 0.004301 0.006800 0.000868 0.003351
0.465328 0.011402 0.065628 0.096240 0.002385 0.015435 0.031513 0.003195 0.006703 0.039782 0.002793 0.015094 0.016833 0.001298 0.006763 0.097644 0.003591 0.019547 0.004355 0.000428 0.001600 0.066236 0.000533 0.016006 0.005518 0.000410 0.003740
0.009032 0.010233 0.005897 0.045856 0.018676 0.005416 0.064488 0.048770 0.006388 0.001409 0.002432 0.000634 0.083846 0.136832 0.010301 0.015425 0.038490 0.008056 0.064552 0.033830 0.014555 0.105338 0.168648 0.083348 0.006548 0.004351 0.006650
0.064673 0.258570 0.339849 0.007575 0.004107 0.009194 0.012043 0.014496 0.049580 0.019214 0.025836 0.103619 0.000833 0.004284 0.007559 0.008010 0.016036 0.027735 0.001354 0.007138 0.005502 0.001136 0.000513 0.004378 0.003043 0.001178 0.002545
0.016792 0.718068 0.143778 0.002561 0.014596 0.006953 0.001003 0.006831 0.004618 0.000415 0.006252 0.005101 0.000181 0.001921 0.001056 0.000817 0.029340 0.009195 0.000146 0.009397 0.002597 0.000604 0.007581 0.007922 0.000253 0.001166 0.000857
0.090414 0.005185 0.006512 0.125190 0.002931 0.003827 0.054666 0.005015 0.004735 0.440032 0.016331 0.014760 0.008532 0.001842 0.001784 0.154732 0.009986 0.006173 0.008522 0.000488 0.000361 0.024519 0.000472 0.001389 0.010958 0.000288 0.000355
0.000474 0.021063 0.003304 0.001492 0.022150 0.002627 0.001827 0.075686 0.011221 0.004867 0.302630 0.015611 0.000194 0.006641 0.000592 0.002470 0.057535 0.002318 0.005803 0.435409 0.014630 0.000256 0.007001 0.000709 0.000523 0.002656 0.000311
0.008277 0.692422 0.060837 0.001681 0.014528 0.003262 0.001056 0.032053 0.008188 0.000928 0.015841 0.005594 0.000247 0.010763 0.001739 0.000964 0.060010 0.010877 0.000396 0.038147 0.005861 0.001187 0.010602 0.010418 0.000376 0.003136 0.000610
0.000020 0.003229 0.000189 0.000036 0.000682 0.000185 0.000071 0.004718 0.000481 0.000005 0.000453 0.000057 0.000166 0.013697 0.001088 0.000054 0.003191 0.000731 0.007010 0.843144 0.100883 0.000203 0.014306 0.003825 0.000035 0.001109 0.000434
0.027268 0.012408 0.014562 0.012891 0.000756 0.005936 0.510137 0.201567 0.176866 0.000557 0.000655 0.000651 0.003455 0.001494 0.001751 0.002621 0.001550 0.002645 0.005186 0.003395 0.002468 0.005442 0.001970 0.001807 0.001074 0.000529 0.000359
0.000121 0.001624 0.000982 0.000998 0.015572 0.003497 0.000317 0.004030 0.001526 0.000497 0.018228 0.002455 0.001189 0.022478 0.002454 0.002116 0.014407 0.006491 0.044911 0.547206 0.177713 0.011477 0.087719 0.025408 0.000271 0.003370 0.002943
0.011533 0.000956 0.002406 0.116296 0.006693 0.010781 0.015740 0.001981 0.004496 0.015906 0.002555 0.003588 0.553144 0.004538 0.032093 0.076623 0.004355 0.005122 0.015261 0.000166 0.000343 0.091264 0.003040 0.010906 0.005399 0.000934 0.003881
0.116779 0.009352 0.018112 0.355091 0.025448 0.033475 0.038782 0.003773 0.004324 0.043557 0.004681 0.007976 0.120788 0.002963 0.009107 0.052034 0.006452 0.013678 0.007124 0.000257 0.000813 0.086788 0.005501 0.019790 0.006707 0.001236 0.005413
0.014229 0.156584 0.049131 0.026666 0.011488 0.006610 0.045575 0.538237 0.096784 0.002032 0.006960 0.003465 0.002823 0.003015 0.002841 0.001022 0.005684 0.001601 0.000846 0.005226 0.001183 0.002491 0.009538 0.001858 0.000613 0.002743 0.000752
0.007431 0.008114 0.004163 0.012891 0.005658 0.001146 0.128338 0.475062 0.043507 0.004147 0.008516 0.000975 0.008249 0.050286 0.006362 0.004324 0.015128 0.002393 0.054375 0.095409 0.015030 0.022026 0.019435 0.001389 0.003030 0.001914 0.000701
0.034689 0.001549 0.025971 0.022281 0.000934 0.050978 0.035790 0.003743 0.143210 0.083284 0.013736 0.270934 0.031292 0.001938 0.106345 0.049868 0.001838 0.057520 0.009095 0.000598 0.005225 0.031639 0.000054 0.003263 0.005026 0.000391 0.008808
0.002650 0.037611 0.003996 0.005778 0.116044 0.002423 0.001899 0.035065 0.000994 0.002110 0.062540 0.002688 0.010733 0.045052 0.006334 0.004871 0.094414 0.002442 0.002360 0.083772 0.002392 0.018665 0.437051 0.008146 0.000987 0.007450 0.001534
0.004849 0.003035 0.004938 0.001414 0.000135 0.001040 0.025898 0.013987 0.040427 0.006949 0.006495 0.022642 0.128814 0.056832 0.614703 0.009717 0.002900 0.003794 0.018755 0.006224 0.007617 0.004142 0.000563 0.001515 0.004115 0.001480 0.007018
0.013700 0.045872 0.195720 0.023273 0.018490 0.249751 0.004106 0.010391 0.045856 0.001830 0.004997 0.057448 0.008916 0.001866 0.020811 0.003202 0.003510 0.030346 0.001468 0.006770 0.022939 0.028237 0.013676 0.161604 0.000569 0.001027 0.023626
0.001194 0.001322 0.001815 0.004932 0.005619 0.002824 0.008194 0.016559 0.009215 0.314481 0.447914 0.115416 0.001770 0.002254 0.003159 0.012731 0.016184 0.006447 0.010728 0.007899 0.002511 0.001694 0.000534 0.000565 0.002956 0.000540 0.000543
0.034090 0.005688 0.008982 0.019409 0.003102 0.002524 0.419956 0.165459 0.045728 0.028017 0.010963 0.004167 0.039124 0.015655 0.002699 0.027083 0.013170 0.003387 0.017780 0.004909 0.000846 0.102228 0.012031 0.003998 0.006597 0.001417 0.000991
0.137056 0.036357 0.027986 0.274121 0.055442 0.036213 0.026418 0.015176 0.004907 0.009883 0.003276 0.001246 0.009119 0.001795 0.000925 0.131554 0.030780 0.028271 0.009696 0.002592 0.002239 0.119642 0.008618 0.020783 0.002802 0.001697 0.001407
0.000099 0.009231 0.000650 0.000081 0.000860 0.000074 0.000267 0.092652 0.001452 0.000146 0.003638 0.000244 0.000063 0.005595 0.000362 0.000143 0.003375 0.000144 0.002658 0.852770 0.018512 0.000087 0.005453 0.000211 0.000059 0.001053 0.000120
0.156468 0.003233 0.004956 0.062730 0.002071 0.002438 0.138151 0.018056 0.008667 0.124751 0.009505 0.003520 0.018931 0.001358 0.001622 0.277125 0.010693 0.005695 0.015941 0.000758 0.000255 0.112886 0.000502 0.000495 0.018095 0.000656 0.000441
0.027571 0.036075 0.694820 0.004624 0.000990 0.025705 0.005164 0.004955 0.055385 0.001788 0.001381 0.019083 0.003339 0.002667 0.033716 0.002522 0.000953 0.029151 0.001440 0.002583 0.009340 0.003637 0.000507 0.020104 0.000773 0.000592 0.011137
0.000158 0.008286 0.001544 0.000100 0.006285 0.000446 0.000263 0.016279 0.000926 0.000489 0.026542 0.002102 0.000320 0.026994 0.002960 0.000704 0.028046 0.001300 0.006876 0.807135 0.027598 0.000808 0.027941 0.001601 0.000204 0.003363 0.000730
0.335325 0.029107 0.020156 0.230006 0.047210 0.035439 0.013702 0.013587 0.002828 0.004598 0.001030 0.000390 0.006190 0.001064 0.000823 0.049500 0.009078 0.004236 0.001291 0.000989 0.000417 0.171002 0.005649 0.014041 0.001331 0.000780 0.000231
0.000408 0.042180 0.001747 0.000691 0.039719 0.001808 0.000840 0.072144 0.006934 0.000813 0.188213 0.002883 0.000084 0.004027 0.000296 0.000490 0.052767 0.001081 0.001118 0.546949 0.010941 0.000324 0.019880 0.000326 0.000149 0.003091 0.000096
0.008265 0.280755 0.006882 0.001663 0.036087 0.001737 0.000973 0.054277 0.004667 0.000528 0.016378 0.001122 0.000391 0.016524 0.001341 0.001867 0.113360 0.010498 0.005738 0.354705 0.018347 0.006003 0.041834 0.003859 0.000580 0.011132 0.000488
0.092062 0.013123 0.112372 0.095737 0.016568 0.312805 0.017201 0.015633 0.098893 0.025607 0.009437 0.070602 0.004260 0.000970 0.007945 0.013776 0.003280 0.029950 0.001002 0.001305 0.003433 0.030656 0.000618 0.020148 0.001014 0.000151 0.001453
0.002776 0.011258 0.001941 0.002088 0.006350 0.000478 0.011415 0.172961 0.003120 0.000627 0.002775 0.000122 0.003076 0.091659 0.001625 0.004012 0.029254 0.001346 0.051024 0.464465 0.021757 0.016164 0.092233 0.003213 0.001151 0.002554 0.000554
0.027410 0.007497 0.018696 0.006170 0.000903 0.002460 0.261928 0.086661 0.187731 0.034524 0.024665 0.021814 0.054197 0.030239 0.086472 0.027252 0.013954 0.009619 0.039233 0.009117 0.007002 0.018919 0.001179 0.001700 0.014357 0.002486 0.003813
0.007092 0.002594 0.051468 0.007793 0.000847 0.071564 0.004513 0.001178 0.072051 0.019665 0.009905 0.517463 0.006584 0.001731 0.042662 0.028553 0.001975 0.089599 0.008392 0.001693 0.019445 0.003712 0.000053 0.008023 0.001612 0.000290 0.019541
0.051085 0.006351 0.007451 0.091815 0.006959 0.005214 0.217859 0.053875 0.009863 0.181244 0.029136 0.013598 0.014938 0.002479 0.001666 0.180973 0.018447 0.012291 0.027126 0.002046 0.000745 0.043184 0.002639 0.001876 0.014291 0.001743 0.001104
0.012499 0.006948 0.001967 0.059826 0.020583 0.001607 0.021346 0.008747 0.002555 0.174506 0.093826 0.009144 0.032736 0.030224 0.002509 0.312428 0.088155 0.004228 0.034226 0.008190 0.000549 0.047572 0.010289 0.001519 0.010364 0.002916 0.000540
0.000060 0.008197 0.000235 0.000260 0.006510 0.000261 0.000266 0.023396 0.000955 0.000009 0.001829 0.000040 0.000179 0.004605 0.000142 0.000070 0.008407 0.000294 0.005185 0.821894 0.017780 0.000311 0.093164 0.002109 0.000054 0.003530 0.000257
0.023788 0.173737 0.075843 0.015023 0.028071 0.017585 0.044068 0.352019 0.130139 0.005127 0.026834 0.006366 0.002184 0.006557 0.004307 0.002878 0.019831 0.004444 0.001810 0.029637 0.004488 0.004428 0.010090 0.007159 0.000986 0.002078 0.000522
0.085819 0.368592 0.047638 0.026817 0.094714 0.017139 0.011825 0.025165 0.009074 0.004913 0.023486 0.005337 0.001602 0.004158 0.000740 0.014875 0.153808 0.031120 0.002258 0.018052 0.003921 0.012102 0.016747 0.014203 0.001252 0.003395 0.001249
0.029081 0.006086 0.029018 0.110450 0.009397 0.204229 0.057358 0.019868 0.162287 0.035587 0.013786 0.064258 0.016228 0.001937 0.008212 0.053474 0.006031 0.046383 0.007997 0.001486 0.005033 0.061799 0.002405 0.040019 0.003105 0.000337 0.004148
0.021017 0.005327 0.010493 0.005844 0.000657 0.001158 0.023031 0.005554 0.013569 0.335948 0.040494 0.179367 0.048534 0.044457 0.082218 0.088802 0.011675 0.014081 0.024277 0.003924 0.005498 0.009661 0.000315 0.002690 0.013473 0.000701 0.007236
0.013970 0.059908 0.009011 0.038068 0.224333 0.023607 0.026083 0.115509 0.010566 0.006720 0.075111 0.006198 0.002613 0.006330 0.000504 0.017494 0.215375 0.011672 0.004731 0.043638 0.001908 0.011665 0.059150 0.007594 0.002112 0.005247 0.000883
0.016494 0.428706 0.020535 0.005784 0.037723 0.004236 0.004376 0.070875 0.007836 0.000272 0.003052 0.000559 0.002080 0.019519 0.001929 0.002639 0.041789 0.012193 0.003070 0.053901 0.008796 0.019033 0.187241 0.040773 0.000602 0.004997 0.000991
0.244238 0.003395 0.017195 0.113251 0.002262 0.026534 0.030741 0.003320 0.008590 0.106014 0.001989 0.013995 0.007821 0.000407 0.002439 0.331498 0.004556 0.029740 0.005823 0.000319 0.000772 0.027305 0.000091 0.004777 0.011429 0.000287 0.001211
0.007064 0.040647 0.014937 0.010699 0.038477 0.004740 0.020347 0.100592 0.017601 0.074323 0.310987 0.061487 0.002936 0.029024 0.002294 0.031011 0.093842 0.006143 0.008738 0.057627 0.004238 0.010107 0.038973 0.004184 0.005315 0.002770 0.000899
0.003015 0.005024 0.000778 0.012199 0.041080 0.001231 0.022049 0.061247 0.007235 0.057612 0.208313 0.006271 0.004862 0.081466 0.001235 0.052075 0.231375 0.004640 0.065991 0.060415 0.002820 0.026577 0.031197 0.001271 0.005917 0.003779 0.000326
0.000895 0.018857 0.001340 0.006428 0.104715 0.004518 0.001674 0.023491 0.007196 0.023506 0.621078 0.012680 0.000195 0.001932 0.000124 0.003278 0.103416 0.002397 0.001465 0.045608 0.001688 0.000970 0.009094 0.000584 0.000512 0.002277 0.000081
0.002158 0.002157 0.021194 0.017421 0.004273 0.283580 0.000869 0.000913 0.038155 0.016479 0.009336 0.497046 0.000396 0.000483 0.002372 0.006676 0.000839 0.072981 0.001350 0.000606 0.009657 0.000780 0.000026 0.006956 0.000253 0.000089 0.002954
0.085462 0.031302 0.200078 0.026137 0.004331 0.046619 0.024403 0.014199 0.079635 0.167158 0.019307 0.275547 0.000434 0.000417 0.001338 0.005975 0.001360 0.008296 0.000302 0.000546 0.001618 0.001139 0.000192 0.002239 0.000961 0.000115 0.000890
0.027578 0.052945 0.028620 0.017033 0.003898 0.006745 0.220746 0.293410 0.256446 0.020180 0.024828 0.014011 0.000791 0.003165 0.001185 0.002652 0.008918 0.003990 0.002119 0.003079 0.002700 0.000595 0.001439 0.000526 0.001371 0.000666 0.000364
0.003513 0.426454 0.088401 0.002844 0.010141 0.011507 0.002387 0.070966 0.076058 0.000111 0.002118 0.001199 0.000432 0.014680 0.002069 0.000351 0.006083 0.010156 0.002158 0.119216 0.059333 0.002533 0.061787 0.020129 0.000181 0.003062 0.002131
0.000040 0.002625 0.000307 0.000107 0.002122 0.000278 0.000134 0.013609 0.001125 0.000016 0.000773 0.000035 0.000061 0.004639 0.000226 0.000060 0.001694 0.000479 0.007300 0.880304 0.056100 0.000675 0.024972 0.001379 0.000030 0.000756 0.000154
0.006306 0.001639 0.005433 0.010902 0.007360 0.005562 0.009188 0.005570 0.008455 0.682311 0.124256 0.076939 0.000702 0.000624 0.000581 0.025670 0.009196 0.004692 0.001914 0.000858 0.000500 0.007858 0.000231 0.000474 0.002326 0.000316 0.000136
0.001955 0.000586 0.002054 0.003874 0.000738 0.003473 0.012283 0.002992 0.014601 0.419175 0.126266 0.248209 0.012439 0.025230 0.027352 0.044489 0.012270 0.004489 0.020096 0.005488 0.002834 0.002411 0.000301 0.000371 0.003628 0.000522 0.001877
0.022267 0.002162 0.002113 0.020825 0.000552 0.000587 0.500673 0.054584 0.013776 0.008618 0.001083 0.000582 0.193722 0.025606 0.008256 0.015651 0.003827 0.000679 0.018985 0.001712 0.000320 0.087216 0.006496 0.001112 0.006207 0.001369 0.001022
0.037172 0.038613 0.029036 0.028209 0.001899 0.003162 0.242753 0.392695 0.172806 0.007624 0.013693 0.006064 0.002089 0.001048 0.001347 0.002001 0.006915 0.001051 0.001452 0.004440 0.000798 0.001372 0.000830 0.000222 0.001071 0.001199 0.000440
0.012491 0.852129 0.048327 0.002691 0.010008 0.000948 0.001319 0.029963 0.003948 0.000072 0.001339 0.000261 0.000086 0.000496 0.000114 0.000155 0.006364 0.000484 0.000053 0.010415 0.000371 0.000555 0.014721 0.000567 0.000059 0.001932 0.000132
0.022840 0.232390 0.029139 0.032129 0.159783 0.014033 0.005977 0.025191 0.008472 0.000546 0.005446 0.000727 0.001848 0.003392 0.000755 0.001967 0.038683 0.006326 0.000965 0.012949 0.002345 0.050759 0.294980 0.044854 0.000275 0.002599 0.000630
0.077360 0.002515 0.059460 0.057132 0.000464 0.037078 0.268872 0.028396 0.391009 0.007278 0.000846 0.010736 0.011125 0.000368 0.015335 0.007181 0.000500 0.005716 0.001774 0.000261 0.001633 0.007015 0.000078 0.005195 0.001345 0.000153 0.001174
0.068503 0.245773 0.202496 0.017677 0.003158 0.011429 0.033125 0.275890 0.118210 0.000636 0.001035 0.001981 0.000966 0.000680 0.001503 0.000906 0.002556 0.001259 0.000232 0.003290 0.000880 0.001162 0.003263 0.001680 0.000391 0.000836 0.000485
0.001397 0.016385 0.002284 0.004291 0.071419 0.002484 0.006711 0.042536 0.007666 0.023278 0.617500 0.011870 0.000299 0.003548 0.000264 0.002551 0.114974 0.002074 0.001511 0.039369 0.001298 0.001696 0.022031 0.000318 0.000564 0.001574 0.000111
0.215673 0.100722 0.243899 0.042563 0.017437 0.045183 0.019265 0.013473 0.036218 0.019734 0.014860 0.040049 0.002684 0.002595 0.005261 0.046209 0.020653 0.067907 0.003425 0.005110 0.005134 0.012947 0.000890 0.012147 0.002030 0.001284 0.002645
0.027505 0.040613 0.078956 0.013714 0.005019 0.042244 0.027015 0.024839 0.087144 0.007978 0.011673 0.043389 0.021555 0.044923 0.112746 0.051043 0.032556 0.093475 0.031824 0.033600 0.073784 0.019798 0.004765 0.042756 0.004318 0.001606 0.021163
0.087686 0.571371 0.101621 0.003705 0.006860 0.001980 0.007267 0.041516 0.006987 0.007420 0.008652 0.007613 0.003803 0.018050 0.013808 0.015853 0.049789 0.006830 0.000639 0.005471 0.001795 0.008218 0.011854 0.006425 0.002192 0.001676 0.000919
0.012920 0.192620 0.017861 0.003726 0.016533 0.004545 0.004400 0.016486 0.010135 0.024306 0.235748 0.067545 0.000587 0.005409 0.002233 0.036977 0.243612 0.046926 0.004853 0.027297 0.008795 0.002248 0.002455 0.002020 0.003606 0.004624 0.001533
0.016265 0.028230 0.006760 0.010539 0.003264 0.001578 0.217177 0.191240 0.040743 0.084043 0.077260 0.019279 0.012323 0.056490 0.012736 0.043139 0.079018 0.006279 0.029421 0.016200 0.004554 0.020873 0.006958 0.001705 0.009861 0.003288 0.000778
0.014489 0.004267 0.066792 0.074088 0.007480 0.438091 0.003409 0.001683 0.059282 0.014258 0.004789 0.187629 0.002768 0.000746 0.009440 0.011319 0.001202 0.050780 0.000890 0.000342 0.005825 0.008956 0.000241 0.026111 0.000513 0.000095 0.004515
0.000173 0.009767 0.001089 0.000394 0.014052 0.000707 0.000269 0.015998 0.000754 0.000335 0.007247 0.000739 0.000422 0.029008 0.001446 0.001513 0.024141 0.002293 0.013851 0.703402 0.036150 0.003419 0.122353 0.006186 0.000211 0.003209 0.000871
0.000157 0.005051 0.001271 0.000612 0.003781 0.000908 0.001830 0.041907 0.005670 0.000051 0.001779 0.000099 0.014627 0.063158 0.018196 0.000577 0.010708 0.001561 0.076887 0.422458 0.123202 0.012129 0.163300 0.017687 0.000404 0.008500 0.003489
0.011292 0.003776 0.003891 0.105825 0.014030 0.013570 0.028130 0.007424 0.007019 0.012652 0.003892 0.002273 0.451415 0.007820 0.032311 0.101737 0.008292 0.007066 0.035015 0.001412 0.001305 0.110260 0.007448 0.004066 0.007121 0.005406 0.005551
0.015532 0.001047 0.003403 0.118037 0.002357 0.004288 0.319810 0.019054 0.014533 0.025692 0.002383 0.002134 0.197846 0.002316 0.008316 0.074150 0.003433 0.006487 0.113387 0.000614 0.000927 0.044408 0.001880 0.001711 0.010986 0.002186 0.003084
0.016041 0.058697 0.060936 0.103052 0.030256 0.078549 0.029947 0.024954 0.048111 0.005117 0.009265 0.015619 0.103811 0.011019 0.041219 0.023781 0.009496 0.035453 0.025328 0.012047 0.030862 0.059631 0.033253 0.086336 0.002888 0.006503 0.037831
0.005732 0.092346 0.155135 0.012930 0.023978 0.087239 0.001324 0.012563 0.021889 0.001011 0.003815 0.019239 0.009568 0.006831 0.036935 0.002516 0.003971 0.034385 0.003820 0.033914 0.080066 0.028718 0.052845 0.230855 0.000554 0.002773 0.035048
0.191540 0.006863 0.027039 0.154440 0.002845 0.016283 0.077718 0.006145 0.008191 0.139540 0.003213 0.012022 0.030326 0.000935 0.007278 0.185681 0.007161 0.036364 0.012544 0.000427 0.001744 0.046767 0.000353 0.004973 0.015246 0.000585 0.003775
0.004123 0.001718 0.003645 0.008668 0.000827 0.000588 0.182215 0.200447 0.039962 0.325878 0.097419 0.029206 0.006225 0.004741 0.002614 0.031628 0.009807 0.001121 0.025545 0.007856 0.001510 0.002950 0.000642 0.000232 0.008855 0.001049 0.000531
0.005331 0.007758 0.094838 0.045495 0.007690 0.412608 0.002580 0.002793 0.083715 0.004154 0.005464 0.131213 0.006969 0.002646 0.039900 0.006486 0.001453 0.040945 0.002173 0.001927 0.020072 0.004405 0.000536 0.053921 0.000311 0.000278 0.014340
0.074650 0.005702 0.004823 0.119966 0.003510 0.001866 0.447622 0.047395 0.010210 0.066323 0.006926 0.001573 0.015194 0.002167 0.000777 0.060050 0.007473 0.003914 0.028066 0.001756 0.000891 0.074481 0.004648 0.001534 0.006888 0.000882 0.000714
0.002222 0.009817 0.002935 0.001945 0.002683 0.000440 0.052739 0.436617 0.038692 0.012400 0.071237 0.003589 0.001738 0.022311 0.002367 0.001922 0.017495 0.000678 0.018103 0.272718 0.016473 0.000778 0.005878 0.000367 0.001564 0.001856 0.000434
0.006347 0.068412 0.024085 0.010484 0.038911 0.015511 0.035255 0.248247 0.120789 0.001753 0.028380 0.003544 0.002091 0.011671 0.001133 0.001865 0.041585 0.008509 0.005239 0.124666 0.017366 0.025425 0.131512 0.020576 0.000712 0.004389 0.001542
0.033618 0.046996 0.034457 0.020781 0.013760 0.010196 0.005969 0.009451 0.014814 0.172902 0.079410 0.143857 0.013905 0.016172 0.024913 0.176657 0.063592 0.047760 0.011549 0.008311 0.005346 0.021260 0.002362 0.010769 0.006144 0.001934 0.003117
0.033344 0.004609 0.005610 0.089256 0.005545 0.009451 0.088957 0.013539 0.012429 0.030639 0.005939 0.007481 0.081685 0.020072 0.009565 0.212400 0.025333 0.021762 0.088375 0.004483 0.004188 0.174254 0.009509 0.021575 0.013402 0.002005 0.004590
0.000088 0.006270 0.000229 0.000355 0.008065 0.000321 0.000280 0.030813 0.000794 0.000023 0.002434 0.000053 0.000178 0.004672 0.000136 0.000254 0.012892 0.000408 0.006431 0.848661 0.014443 0.000483 0.057070 0.001288 0.000099 0.003078 0.000182
0.068440 0.521064 0.248438 0.013739 0.018379 0.017974 0.005347 0.041275 0.014521 0.000805 0.002534 0.001350 0.000436 0.001132 0.000932 0.002055 0.009070 0.006221 0.000286 0.006607 0.001358 0.002529 0.003304 0.010352 0.000360 0.001130 0.000362
0.003742 0.003928 0.011504 0.004750 0.000941 0.006079 0.382433 0.138026 0.419661 0.001052 0.002538 0.002782 0.001854 0.001696 0.001367 0.000741 0.002232 0.002389 0.003043 0.002559 0.002420 0.000632 0.000838 0.001291 0.000762 0.000255 0.000485
0.006898 0.005715 0.001731 0.019054 0.032081 0.001730 0.004363 0.005975 0.001355 0.015356 0.048087 0.002482 0.023455 0.071895 0.005617 0.103193 0.047686 0.005327 0.071140 0.092451 0.008489 0.270287 0.125266 0.015855 0.004207 0.008425 0.001879
0.071831 0.140687 0.388598 0.007055 0.007290 0.018985 0.010608 0.017062 0.061464 0.029185 0.025379 0.124565 0.004198 0.006705 0.020360 0.009180 0.008254 0.016785 0.000746 0.001999 0.002633 0.004181 0.001932 0.014901 0.001335 0.001219 0.002863
0.182551 0.254693 0.412956 0.017462 0.006084 0.017520 0.012494 0.022123 0.031819 0.001507 0.003003 0.004550 0.001102 0.001104 0.002035 0.001911 0.007307 0.007244 0.000178 0.001148 0.001115 0.002145 0.001842 0.003936 0.000464 0.000632 0.001074
0.005362 0.018312 0.018886 0.004525 0.000706 0.003840 0.112843 0.200013 0.573708 0.005086 0.016399 0.019605 0.001743 0.002045 0.004341 0.000504 0.002182 0.001138 0.000962 0.003107 0.002320 0.000257 0.000455 0.000323 0.000423 0.000410 0.000504
0.013149 0.014048 0.028795 0.093696 0.037911 0.163900 0.007039 0.023761 0.066571 0.024000 0.076043 0.170506 0.014051 0.010049 0.022640 0.038977 0.018305 0.076271 0.007114 0.012764 0.014810 0.031534 0.004011 0.022870 0.001482 0.000955 0.004745
0.011683 0.226538 0.011003 0.003380 0.025031 0.004169 0.004937 0.057419 0.010437 0.002749 0.042542 0.007186 0.002725 0.022214 0.004203 0.016056 0.170321 0.028971 0.017066 0.246096 0.035745 0.004938 0.020357 0.009401 0.002157 0.010730 0.001947
0.001588 0.038254 0.009225 0.010318 0.049080 0.039971 0.001147 0.008595 0.012406 0.000240 0.004275 0.003051 0.008556 0.044036 0.016883 0.001929 0.021547 0.030318 0.010525 0.066599 0.106619 0.035973 0.134838 0.331943 0.000336 0.003142 0.008608
0.014391 0.000203 0.002675 0.035304 0.000237 0.001362 0.613337 0.014440 0.015234 0.011034 0.000305 0.000858 0.150900 0.000917 0.004786 0.013076 0.000431 0.002644 0.060369 0.000246 0.001055 0.040450 0.000806 0.001797 0.008493 0.000747 0.003905
0.110052 0.006457 0.012485 0.280125 0.009695 0.009727 0.047967 0.004408 0.004902 0.161350 0.014841 0.013873 0.029062 0.001629 0.002159 0.138128 0.005463 0.010675 0.015445 0.000928 0.001469 0.096191 0.002384 0.004787 0.011530 0.001047 0.003219
0.061268 0.001132 0.008670 0.297022 0.003699 0.028569 0.029148 0.000998 0.006395 0.101202 0.004300 0.015276 0.054199 0.001492 0.009268 0.271596 0.002655 0.023657 0.016621 0.000178 0.000733 0.041999 0.000319 0.003654 0.008986 0.000449 0.006515
0.003352 0.003045 0.006999 0.032586 0.005226 0.009869 0.084322 0.063175 0.033423 0.016831 0.014109 0.010940 0.229164 0.096909 0.114418 0.010915 0.009690 0.005274 0.056367 0.065805 0.026684 0.028365 0.015965 0.017279 0.007399 0.003501 0.028384
0.015420 0.000756 0.002159 0.539437 0.009654 0.008067 0.084653 0.009157 0.003909 0.092037 0.004372 0.001297 0.055222 0.001612 0.002939 0.051176 0.002852 0.007220 0.024881 0.000701 0.000654 0.064028 0.001396 0.001712 0.010980 0.001283 0.002426
0.012370 0.011051 0.002956 0.226972 0.065062 0.009828 0.062868 0.025291 0.004853 0.018751 0.012564 0.000965 0.090738 0.011886 0.005134 0.112918 0.038898 0.008878 0.091476 0.019391 0.004529 0.063364 0.057027 0.011304 0.013050 0.013679 0.004196
0.008183 0.244043 0.006104 0.028993 0.139816 0.002615 0.027475 0.186724 0.006017 0.009012 0.069461 0.001583 0.002259 0.003250 0.000641 0.011371 0.113269 0.004531 0.003566 0.021131 0.001214 0.006952 0.079121 0.001299 0.002681 0.018362 0.000327
0.001208 0.022992 0.002089 0.016811 0.190544 0.003486 0.002767 0.023694 0.003005 0.048059 0.308177 0.010970 0.002204 0.014623 0.001831 0.022167 0.085592 0.010022 0.023646 0.117865 0.009923 0.014860 0.045074 0.001738 0.002689 0.013212 0.000754
0.073108 0.012595 0.030484 0.110163 0.012773 0.020263 0.015288 0.005286 0.008327 0.410752 0.012721 0.045126 0.006217 0.001546 0.004297 0.171783 0.006235 0.024588 0.004542 0.000236 0.000636 0.014242 0.000258 0.001727 0.005049 0.000614 0.001143
0.001431 0.002278 0.004294 0.058870 0.023727 0.032583 0.158639 0.188964 0.072826 0.021792 0.046059 0.009442 0.003055 0.003063 0.001143 0.014287 0.014694 0.014318 0.186642 0.047918 0.039010 0.011142 0.021810 0.012285 0.004640 0.002349 0.002738
0.001133 0.002187 0.005816 0.093950 0.107861 0.090431 0.071407 0.090639 0.167438 0.025245 0.183068 0.015331 0.001549 0.000966 0.000548 0.006299 0.012581 0.015275 0.033021 0.025528 0.015498 0.012349 0.010303 0.005054 0.001292 0.003677 0.001553
0.013342 0.035932 0.010228 0.011102 0.008316 0.001797 0.047845 0.168849 0.031981 0.156233 0.204936 0.017116 0.002495 0.018169 0.003576 0.029564 0.033380 0.005271 0.041216 0.115835 0.014855 0.010049 0.009331 0.000852 0.003843 0.003213 0.000673
0.001798 0.067382 0.003665 0.002153 0.049867 0.002182 0.001882 0.033228 0.004371 0.005682 0.105508 0.002851 0.003581 0.136415 0.009933 0.010854 0.186441 0.003954 0.007027 0.169911 0.006253 0.016169 0.157771 0.003937 0.000773 0.005742 0.000670
0.001400 0.016145 0.003095 0.000527 0.000833 0.000516 0.030083 0.262236 0.048024 0.002622 0.020867 0.002845 0.007718 0.086773 0.038104 0.002096 0.030105 0.002852 0.045884 0.316574 0.059419 0.000925 0.007494 0.001471 0.001994 0.007638 0.001763
0.049774 0.005062 0.004912 0.213586 0.009843 0.017711 0.063026 0.012733 0.008340 0.012389 0.003695 0.001297 0.071365 0.003352 0.005323 0.064298 0.006639 0.005032 0.018687 0.002197 0.001327 0.394802 0.013597 0.005696 0.002372 0.001495 0.001448
0.045748 0.135249 0.082118 0.019498 0.003143 0.009195 0.093536 0.283031 0.280185 0.003232 0.008799 0.006396 0.001773 0.000958 0.003027 0.002045 0.002792 0.001803 0.002095 0.005905 0.001740 0.001209 0.002226 0.000645 0.000675 0.002228 0.000751
0.017625 0.065978 0.022495 0.046229 0.461978 0.034364 0.006433 0.029238 0.007303 0.020100 0.127816 0.011868 0.000880 0.001176 0.000681 0.010695 0.033814 0.011537 0.002227 0.026412 0.002196 0.012971 0.037700 0.003401 0.000725 0.003793 0.000364
0.409506 0.010719 0.082200 0.149508 0.007338 0.090471 0.049570 0.005976 0.014799 0.018462 0.001551 0.006284 0.006154 0.000508 0.003679 0.054787 0.002433 0.019370 0.001874 0.000266 0.000857 0.049228 0.000580 0.011109 0.001673 0.000259 0.000840
0.015212 0.042672 0.014926 0.009730 0.022396 0.002300 0.009432 0.038885 0.003961 0.014696 0.029341 0.007256 0.027000 0.347941 0.044926 0.044057 0.100432 0.006657 0.014347 0.053938 0.006254 0.038403 0.084120 0.011608 0.004759 0.002744 0.002004
0.016653 0.074066 0.038933 0.075625 0.234688 0.042469 0.006473 0.082244 0.020852 0.031095 0.086357 0.024079 0.003222 0.012361 0.004475 0.029332 0.076203 0.019689 0.005346 0.035492 0.006040 0.020848 0.032521 0.012577 0.002843 0.004367 0.001150
0.006356 0.006647 0.005763 0.069974 0.056204 0.009061 0.015826 0.074615 0.017241 0.015814 0.029390 0.007266 0.020326 0.065980 0.009933 0.053446 0.043219 0.013250 0.107206 0.064130 0.016510 0.187229 0.068850 0.024979 0.004951 0.004056 0.001778
0.024967 0.004385 0.001668 0.011605 0.000425 0.000120 0.688906 0.103784 0.029577 0.017425 0.004453 0.000665 0.015153 0.014354 0.001925 0.013378 0.008955 0.000717 0.034981 0.002483 0.000567 0.007369 0.002259 0.000198 0.008620 0.000870 0.000191
0.027057 0.053780 0.224228 0.062867 0.030878 0.331674 0.005545 0.006576 0.061971 0.004656 0.006983 0.034171 0.003313 0.001643 0.007232 0.008790 0.005076 0.044802 0.001551 0.004325 0.013371 0.007370 0.002744 0.042246 0.000488 0.000627 0.006037
0.011356 0.309858 0.009487 0.003811 0.058289 0.001293 0.000553 0.007415 0.000589 0.003907 0.030708 0.002854 0.002290 0.029352 0.005363 0.022060 0.188790 0.010167 0.003464 0.064605 0.004865 0.015318 0.184553 0.016501 0.001437 0.010113 0.001003
0.076049 0.003310 0.029286 0.546783 0.014009 0.228698 0.006560 0.001972 0.006388 0.009093 0.000847 0.002419 0.001516 0.000100 0.000729 0.036497 0.001262 0.014053 0.000937 0.000103 0.000656 0.009028 0.000198 0.008440 0.000493 0.000102 0.000475
0.006166 0.014163 0.128609 0.004020 0.000473 0.018662 0.011135 0.017158 0.394681 0.003018 0.001630 0.066699 0.004107 0.020693 0.145985 0.005097 0.000848 0.026630 0.010561 0.009839 0.064900 0.001504 0.000788 0.014860 0.001276 0.000739 0.025760
0.035413 0.106687 0.026080 0.034788 0.026189 0.004492 0.107718 0.555670 0.028434 0.005769 0.009173 0.001747 0.000812 0.001900 0.000399 0.002821 0.016942 0.001547 0.000893 0.005705 0.000828 0.003579 0.019140 0.001158 0.000725 0.001201 0.000189
0.094357 0.011032 0.011815 0.026969 0.000872 0.001724 0.487872 0.063348 0.158958 0.016498 0.006548 0.004863 0.031415 0.009140 0.015703 0.019233 0.004037 0.003275 0.010272 0.001326 0.001555 0.010568 0.001205 0.000533 0.005308 0.000716 0.000858
0.000667 0.015380 0.000745 0.002296 0.116016 0.000968 0.000940 0.043083 0.000787 0.000357 0.020863 0.000233 0.000386 0.006884 0.000147 0.000941 0.038430 0.000492 0.002934 0.194574 0.002455 0.008057 0.537319 0.001679 0.000175 0.003056 0.000137
0.073431 0.448874 0.331659 0.008391 0.026316 0.010338 0.002656 0.018180 0.009323 0.002599 0.009821 0.005263 0.000742 0.002175 0.002430 0.002429 0.014635 0.008294 0.000187 0.003487 0.000854 0.003664 0.004072 0.007587 0.000388 0.001626 0.000580
0.001569 0.029959 0.012991 0.002042 0.018084 0.013303 0.001338 0.009969 0.015962 0.017890 0.395990 0.182353 0.000449 0.005248 0.008673 0.012355 0.047834 0.037451 0.014482 0.113376 0.048087 0.000624 0.001311 0.002784 0.001147 0.002067 0.002662
0.003809 0.001524 0.001525 0.008558 0.004175 0.001820 0.014235 0.024653 0.004962 0.293257 0.237856 0.032505 0.003172 0.011986 0.004456 0.130463 0.036915 0.003040 0.090085 0.067356 0.005755 0.008896 0.001170 0.000550 0.005282 0.001668 0.000327
0.049285 0.044569 0.044067 0.006984 0.003630 0.011879 0.057176 0.024229 0.082817 0.070749 0.088466 0.122264 0.011975 0.028992 0.031283 0.105904 0.101809 0.037187 0.023060 0.011842 0.008578 0.011543 0.001484 0.007050 0.006757 0.003384 0.003035
