0.015463 0.001058 0.003722 0.060894 0.001549 0.004309 0.060569 0.003284 0.010102 0.650613 0.018974 0.032927 0.023751 0.001326 0.005472 0.054155 0.003286 0.006494 0.006341 0.000135 0.000311 0.010149 0.000108 0.000290 0.021521 0.000885 0.002309
0.011073 0.006031 0.022278 0.019145 0.000644 0.014067 0.162662 0.022645 0.171065 0.013852 0.004441 0.053471 0.212948 0.028658 0.177892 0.008128 0.003044 0.007339 0.006336 0.002338 0.005200 0.005572 0.001090 0.005355 0.008795 0.002900 0.023030
0.012961 0.002605 0.021654 0.035824 0.000858 0.037296 0.187623 0.022193 0.294970 0.030470 0.009066 0.157244 0.065229 0.001944 0.047190 0.010723 0.001926 0.019384 0.004928 0.000463 0.003252 0.005646 0.000194 0.002863 0.008286 0.001150 0.014059
0.001922 0.003659 0.001562 0.009497 0.014457 0.003155 0.011964 0.046045 0.002787 0.000939 0.005816 0.001109 0.028610 0.048446 0.009051 0.007583 0.019383 0.003771 0.093131 0.484070 0.050357 0.029083 0.083921 0.014668 0.002966 0.015356 0.006694
0.104044 0.080846 0.371760 0.037541 0.010877 0.166211 0.012149 0.012120 0.021552 0.007022 0.005138 0.028769 0.005633 0.001344 0.010645 0.007495 0.005174 0.034912 0.001092 0.001777 0.006462 0.004709 0.001046 0.051876 0.001434 0.001708 0.006663
0.001773 0.003747 0.016460 0.026155 0.017113 0.109232 0.005570 0.011123 0.029520 0.032306 0.048437 0.300922 0.014233 0.021265 0.057879 0.009255 0.010374 0.054725 0.013913 0.018772 0.075711 0.016253 0.003930 0.075380 0.003897 0.001143 0.020913
0.023508 0.038746 0.153425 0.003452 0.000936 0.031500 0.011256 0.018941 0.077394 0.000983 0.001084 0.022881 0.042263 0.023446 0.365303 0.002728 0.002153 0.032749 0.002862 0.005700 0.022224 0.010307 0.003204 0.054742 0.001800 0.002147 0.044266
0.230316 0.003083 0.021442 0.309635 0.004566 0.016667 0.065736 0.006587 0.006004 0.113915 0.002340 0.007035 0.019599 0.000861 0.002271 0.095982 0.003765 0.017643 0.007639 0.000552 0.001049 0.038760 0.000333 0.003966 0.017604 0.000329 0.002323
0.012710 0.002069 0.018460 0.009410 0.000655 0.016364 0.019513 0.001076 0.040984 0.123607 0.018818 0.330113 0.021386 0.005595 0.057527 0.150011 0.005087 0.087263 0.020498 0.000877 0.007790 0.010197 0.000084 0.004633 0.012240 0.000513 0.022520
0.007563 0.014577 0.008022 0.006675 0.005041 0.002952 0.072405 0.236087 0.016664 0.002851 0.003640 0.001846 0.018674 0.112281 0.016990 0.006726 0.024442 0.004667 0.061736 0.190019 0.040608 0.026069 0.063447 0.036519 0.005945 0.004993 0.008561
0.003724 0.015751 0.101415 0.004122 0.000737 0.021407 0.046320 0.092259 0.612828 0.000249 0.001505 0.006337 0.001244 0.003004 0.008075 0.000280 0.001146 0.010919 0.003649 0.016003 0.030650 0.001060 0.001269 0.010377 0.000494 0.000615 0.004562
0.000369 0.005137 0.000448 0.000166 0.001947 0.000107 0.001071 0.051148 0.001568 0.000353 0.006268 0.000174 0.000304 0.018883 0.000922 0.000418 0.014307 0.000241 0.008100 0.849202 0.016801 0.000969 0.018669 0.000499 0.000254 0.001516 0.000157
0.001148 0.013559 0.002643 0.006534 0.303047 0.011194 0.000522 0.010553 0.001394 0.000451 0.019706 0.000351 0.001410 0.010480 0.000995 0.002658 0.034591 0.002824 0.006134 0.140448 0.009215 0.039330 0.354020 0.019401 0.000282 0.006439 0.000671
0.014926 0.017908 0.026508 0.197160 0.309010 0.193203 0.001120 0.004832 0.004986 0.003678 0.005665 0.003220 0.014975 0.002057 0.004898 0.009431 0.005969 0.009448 0.002311 0.003118 0.002295 0.076976 0.034271 0.045730 0.000777 0.003118 0.002409
0.204979 0.071968 0.277843 0.068127 0.050828 0.063541 0.006392 0.005650 0.010251 0.071871 0.030965 0.085439 0.001046 0.000279 0.001916 0.013607 0.005947 0.017644 0.000417 0.000371 0.000622 0.003779 0.000554 0.002061 0.001407 0.001088 0.001411
0.080576 0.025973 0.396624 0.022473 0.002243 0.071270 0.027525 0.006065 0.089746 0.011849 0.004211 0.040489 0.013309 0.005044 0.079097 0.008752 0.002214 0.049104 0.004338 0.001983 0.013355 0.009383 0.000938 0.016966 0.001664 0.000496 0.014313
0.017388 0.017191 0.377042 0.020847 0.006495 0.308318 0.005379 0.004863 0.089310 0.003701 0.003141 0.078498 0.000805 0.000163 0.004154 0.001272 0.001064 0.036612 0.000301 0.000585 0.005873 0.001384 0.000208 0.010459 0.000217 0.000080 0.004650
0.002720 0.008878 0.005699 0.003197 0.007136 0.001284 0.033762 0.172955 0.020874 0.109828 0.279575 0.037024 0.001493 0.026704 0.005426 0.008167 0.020099 0.004844 0.037124 0.174792 0.024457 0.003129 0.004731 0.000467 0.003117 0.001552 0.000966
0.026690 0.258921 0.117909 0.009899 0.137831 0.028434 0.003515 0.014187 0.006793 0.049589 0.124771 0.076487 0.000498 0.001646 0.000871 0.015981 0.059825 0.034268 0.000511 0.003976 0.001165 0.010779 0.005096 0.005506 0.001424 0.002584 0.000845
0.000061 0.002826 0.000460 0.000123 0.001286 0.000334 0.000632 0.049530 0.001742 0.000205 0.005538 0.000365 0.000148 0.014362 0.000915 0.000271 0.005628 0.000751 0.019785 0.830113 0.056712 0.000511 0.005972 0.000488 0.000134 0.000902 0.000209
0.002698 0.077798 0.034008 0.000848 0.009023 0.015169 0.003306 0.084011 0.062417 0.000798 0.013296 0.006011 0.000801 0.019018 0.015541 0.000862 0.017212 0.015235 0.008584 0.429859 0.153947 0.004389 0.009446 0.009393 0.000473 0.003297 0.002559
0.005416 0.004672 0.009785 0.002957 0.000859 0.002316 0.247844 0.466810 0.180771 0.004726 0.005551 0.004095 0.005449 0.008425 0.011126 0.001114 0.002222 0.002083 0.006342 0.009338 0.005255 0.006433 0.002647 0.000805 0.001797 0.000634 0.000527
0.009806 0.107394 0.016474 0.006363 0.150591 0.005751 0.007018 0.050453 0.010608 0.037593 0.431783 0.023480 0.000497 0.003432 0.000548 0.001472 0.048395 0.002441 0.000391 0.035908 0.001298 0.004596 0.040172 0.000814 0.000629 0.001932 0.000163
0.016160 0.025103 0.007507 0.089685 0.370118 0.018404 0.007330 0.036530 0.012520 0.057359 0.265388 0.025321 0.000809 0.001011 0.000369 0.008583 0.033608 0.004958 0.000642 0.002055 0.000271 0.007454 0.006042 0.000721 0.000974 0.000989 0.000087
0.080021 0.006819 0.018931 0.184568 0.033262 0.028087 0.019431 0.010921 0.013957 0.025242 0.010377 0.005974 0.057001 0.010997 0.011322 0.047885 0.005305 0.004507 0.006372 0.001259 0.000706 0.379931 0.017516 0.015698 0.002500 0.000615 0.000796
0.086317 0.057252 0.741413 0.007049 0.003867 0.025248 0.002708 0.002617 0.022358 0.001454 0.001357 0.010447 0.001313 0.001023 0.008934 0.001370 0.001150 0.009224 0.000192 0.000353 0.000739 0.002764 0.000549 0.007326 0.000259 0.000232 0.002487
0.050014 0.006886 0.058794 0.100026 0.007168 0.020131 0.140802 0.027929 0.045467 0.296846 0.040816 0.052041 0.007001 0.003372 0.006056 0.042450 0.013434 0.028586 0.013972 0.003123 0.002518 0.013204 0.000547 0.002355 0.013304 0.000435 0.002723
0.002082 0.082190 0.188675 0.001592 0.002209 0.022663 0.012155 0.113226 0.330684 0.000997 0.011217 0.046961 0.000518 0.008856 0.013774 0.000320 0.003593 0.016481 0.002749 0.054682 0.065290 0.000482 0.003651 0.008774 0.000400 0.000795 0.004983
0.188266 0.008812 0.107549 0.049630 0.002511 0.034704 0.173498 0.020525 0.115369 0.037986 0.004392 0.033087 0.006472 0.002226 0.010103 0.033027 0.004936 0.080616 0.019596 0.003245 0.012473 0.030044 0.000290 0.008973 0.005284 0.000322 0.006063
0.001492 0.049740 0.136187 0.002057 0.007443 0.058470 0.001020 0.011396 0.043224 0.000090 0.000711 0.004487 0.001386 0.005455 0.013452 0.000504 0.002786 0.031458 0.001855 0.015315 0.094079 0.008304 0.029642 0.465550 0.000150 0.000401 0.013347
0.068853 0.015779 0.068306 0.055570 0.005553 0.033529 0.139136 0.056035 0.062829 0.012724 0.001882 0.007632 0.018634 0.006497 0.021672 0.034124 0.009339 0.094343 0.059599 0.009690 0.055152 0.082177 0.002841 0.052071 0.008640 0.001370 0.016026
0.035398 0.001407 0.006299 0.019126 0.000482 0.001627 0.128452 0.004062 0.011308 0.197739 0.009427 0.029518 0.263757 0.012972 0.057915 0.097682 0.003959 0.010147 0.031025 0.000637 0.001229 0.037163 0.000532 0.001765 0.026614 0.000696 0.009062
0.076604 0.006832 0.009168 0.206769 0.012330 0.005571 0.038492 0.007171 0.002367 0.099123 0.008769 0.005889 0.101901 0.009550 0.005510 0.221742 0.018828 0.008291 0.016662 0.001812 0.000546 0.102482 0.004445 0.006745 0.017509 0.001756 0.003138
0.192614 0.121317 0.442980 0.074053 0.018473 0.054221 0.018745 0.007090 0.016391 0.002298 0.002176 0.003038 0.001179 0.000417 0.000493 0.003286 0.003081 0.007884 0.000377 0.000694 0.000689 0.006178 0.003215 0.015224 0.000544 0.000668 0.002672
0.069296 0.044431 0.101567 0.061809 0.023088 0.077052 0.021327 0.011113 0.044396 0.006725 0.007724 0.016751 0.047780 0.023145 0.047992 0.050651 0.040735 0.100360 0.016826 0.008605 0.016306 0.030662 0.008109 0.099490 0.004157 0.001394 0.018509
0.068252 0.330904 0.018208 0.061492 0.287034 0.022730 0.002984 0.008730 0.001627 0.002454 0.011947 0.001397 0.000559 0.000743 0.000097 0.017101 0.067363 0.009122 0.000492 0.001959 0.000612 0.018314 0.047706 0.013875 0.000634 0.003193 0.000470
0.000570 0.018714 0.000875 0.000846 0.005618 0.000319 0.003434 0.200347 0.006087 0.000420 0.007019 0.000290 0.000506 0.040026 0.000834 0.000636 0.016244 0.000885 0.020213 0.543185 0.044322 0.001741 0.079392 0.002508 0.000476 0.003999 0.000495
0.000924 0.011912 0.004357 0.012735 0.138830 0.016063 0.001136 0.006775 0.004312 0.000840 0.019903 0.000941 0.016929 0.027631 0.014809 0.004263 0.026502 0.011607 0.034538 0.110625 0.037964 0.144723 0.273524 0.060911 0.000486 0.009116 0.007643
0.004400 0.013055 0.003627 0.004823 0.002991 0.000480 0.098678 0.675902 0.058134 0.001718 0.004090 0.000334 0.015720 0.016369 0.005102 0.000757 0.005913 0.000644 0.014943 0.029309 0.003613 0.005880 0.026620 0.001647 0.001283 0.003398 0.000571
0.008386 0.544449 0.120511 0.008663 0.091702 0.028908 0.002634 0.023858 0.023451 0.000712 0.018611 0.004038 0.000513 0.001047 0.000848 0.000479 0.019221 0.012920 0.000607 0.048972 0.006088 0.002923 0.016750 0.006829 0.000180 0.005167 0.001532
0.000032 0.003877 0.000267 0.000083 0.002442 0.000283 0.000121 0.012972 0.000649 0.000007 0.001073 0.000033 0.000161 0.005198 0.000525 0.000025 0.002177 0.000361 0.005496 0.847007 0.060560 0.000918 0.051760 0.002434 0.000024 0.001260 0.000254
0.033447 0.001050 0.007268 0.610290 0.010795 0.071089 0.032886 0.005285 0.027338 0.057588 0.004484 0.012418 0.029442 0.000514 0.006554 0.037685 0.000834 0.010912 0.010815 0.000307 0.001516 0.021446 0.000135 0.001551 0.002918 0.000337 0.001095
0.029314 0.006691 0.058949 0.168873 0.030846 0.584186 0.003600 0.002028 0.021877 0.000873 0.000693 0.005040 0.001772 0.000127 0.001216 0.002544 0.000301 0.012663 0.000902 0.000343 0.004033 0.019700 0.001391 0.038953 0.000233 0.000294 0.002556
0.000651 0.000639 0.004818 0.001092 0.000235 0.004408 0.014628 0.030577 0.045186 0.001564 0.000884 0.005864 0.009128 0.011086 0.049173 0.001700 0.000276 0.007849 0.152848 0.172345 0.447751 0.001085 0.000941 0.004662 0.000758 0.000841 0.029011
0.004299 0.110960 0.011739 0.002204 0.003687 0.002453 0.013894 0.325487 0.017267 0.000114 0.000829 0.000196 0.004550 0.013663 0.008428 0.001605 0.008614 0.004625 0.026661 0.247470 0.058770 0.010235 0.066491 0.021089 0.001163 0.027025 0.006482
0.000093 0.002263 0.000905 0.000156 0.000914 0.000294 0.001236 0.020241 0.002828 0.000288 0.006856 0.000348 0.000716 0.006838 0.003816 0.000654 0.004097 0.001579 0.100446 0.707063 0.117879 0.001000 0.007089 0.000850 0.000676 0.009272 0.001604
0.013978 0.009785 0.009953 0.014156 0.004828 0.004568 0.249120 0.189816 0.065428 0.094106 0.069878 0.014756 0.031535 0.013389 0.023990 0.050244 0.017404 0.003595 0.033916 0.009767 0.004744 0.047245 0.004012 0.001353 0.008813 0.007710 0.001910
0.015541 0.272035 0.080995 0.019719 0.036986 0.042524 0.011514 0.099989 0.065249 0.000509 0.007148 0.002725 0.011515 0.011318 0.012347 0.002470 0.015819 0.012140 0.003048 0.039798 0.023590 0.056226 0.096118 0.044566 0.000634 0.007554 0.007924
0.019569 0.042200 0.010273 0.040065 0.210202 0.013432 0.001692 0.009299 0.001465 0.002722 0.014758 0.001631 0.008680 0.013138 0.002669 0.012286 0.046631 0.009025 0.003750 0.020420 0.004525 0.213955 0.235508 0.054471 0.001575 0.004594 0.001463
0.239932 0.317720 0.228285 0.009486 0.007874 0.005410 0.015103 0.063359 0.021996 0.003756 0.004299 0.003555 0.003253 0.006831 0.009466 0.004933 0.008486 0.004298 0.000655 0.003143 0.001813 0.011991 0.010680 0.009871 0.001687 0.001475 0.000642
0.001883 0.006640 0.002792 0.005995 0.038161 0.002662 0.001492 0.005491 0.001108 0.000198 0.003281 0.000344 0.012528 0.032183 0.003381 0.002197 0.014795 0.002274 0.005138 0.031006 0.006553 0.150165 0.577447 0.086360 0.000911 0.003073 0.001942
0.038525 0.241088 0.039956 0.023046 0.048386 0.015185 0.082962 0.273710 0.145029 0.000658 0.009695 0.002073 0.001356 0.001791 0.001406 0.000932 0.023700 0.004010 0.000383 0.002911 0.001473 0.005106 0.025366 0.007312 0.001025 0.002549 0.000369
0.037898 0.018891 0.397260 0.037864 0.011737 0.316030 0.001695 0.002201 0.030138 0.003708 0.002783 0.048815 0.001148 0.000532 0.009705 0.002038 0.000944 0.037689 0.000226 0.000577 0.004940 0.002259 0.000248 0.027563 0.000357 0.000171 0.002583
0.409530 0.006197 0.034589 0.213825 0.005483 0.022761 0.075199 0.006508 0.010376 0.041214 0.003042 0.004598 0.009055 0.000609 0.002284 0.042383 0.003373 0.008906 0.001664 0.000179 0.000543 0.080316 0.000718 0.009798 0.006001 0.000216 0.000632
0.100807 0.045644 0.073481 0.192688 0.063723 0.191327 0.015350 0.010023 0.027011 0.005300 0.008489 0.012235 0.020829 0.004516 0.015884 0.014200 0.014174 0.027954 0.001317 0.000754 0.002823 0.061974 0.008243 0.076283 0.001376 0.000569 0.003025
0.003341 0.000242 0.000481 0.050095 0.000684 0.000529 0.293138 0.020083 0.009378 0.015235 0.002008 0.000562 0.071309 0.016340 0.005570 0.027497 0.005042 0.001677 0.385596 0.004737 0.003519 0.063372 0.002929 0.001685 0.010726 0.001222 0.003004
0.064938 0.017704 0.077305 0.382247 0.018356 0.169746 0.040304 0.016959 0.037972 0.020507 0.002809 0.015999 0.008737 0.000752 0.003148 0.018397 0.001525 0.020475 0.002992 0.000420 0.003984 0.036494 0.001897 0.026660 0.002212 0.000919 0.006542
0.000517 0.006876 0.001609 0.000801 0.001388 0.000625 0.003188 0.038228 0.006349 0.000934 0.004363 0.001461 0.001683 0.031787 0.005331 0.001440 0.003810 0.003094 0.077318 0.609167 0.178458 0.001416 0.009900 0.002903 0.000686 0.003736 0.002931
0.017347 0.214035 0.073846 0.008796 0.007041 0.006268 0.039158 0.206861 0.155187 0.028788 0.155352 0.047102 0.000287 0.001333 0.001530 0.002352 0.010456 0.004021 0.000634 0.010413 0.003895 0.000553 0.001271 0.000361 0.001032 0.001600 0.000479
0.182574 0.068629 0.355547 0.025312 0.001755 0.013373 0.070623 0.027025 0.151185 0.015777 0.007968 0.029177 0.002227 0.001230 0.006843 0.006872 0.001880 0.015333 0.001526 0.001814 0.003534 0.002822 0.000377 0.001978 0.002079 0.000615 0.001925
0.026875 0.003118 0.020830 0.059953 0.001498 0.035951 0.021526 0.001668 0.039552 0.075286 0.009980 0.099762 0.053116 0.012161 0.083253 0.187422 0.005503 0.071189 0.039001 0.001112 0.008923 0.083208 0.001079 0.031629 0.010320 0.000585 0.015499
0.001489 0.000238 0.000483 0.010006 0.000568 0.000484 0.011728 0.003174 0.000963 0.011316 0.001113 0.000521 0.026263 0.038034 0.008204 0.062687 0.008730 0.003506 0.711779 0.021368 0.010225 0.039180 0.003781 0.006738 0.008902 0.001806 0.006712
0.052458 0.008242 0.019624 0.073466 0.003389 0.026743 0.079581 0.010853 0.017924 0.171698 0.009155 0.050383 0.077215 0.009848 0.032278 0.180663 0.007701 0.040086 0.051225 0.001464 0.004466 0.022041 0.000993 0.007468 0.017903 0.004286 0.018848
0.027745 0.001921 0.006614 0.101710 0.002742 0.024903 0.024773 0.001680 0.007733 0.102202 0.004824 0.034556 0.072009 0.005337 0.039862 0.347820 0.005949 0.045108 0.036316 0.000838 0.003880 0.033539 0.000472 0.010828 0.018476 0.001924 0.036240
0.056137 0.002614 0.009458 0.267626 0.005828 0.050517 0.075860 0.003949 0.008593 0.083581 0.003704 0.012172 0.044239 0.002624 0.009950 0.189353 0.004038 0.033758 0.027358 0.000538 0.001946 0.064696 0.001063 0.015145 0.012460 0.000904 0.011890
0.251332 0.009875 0.091220 0.109485 0.002714 0.043339 0.031800 0.002132 0.008661 0.057980 0.002081 0.029386 0.032000 0.002126 0.028614 0.152324 0.001697 0.051126 0.009269 0.000192 0.002024 0.044822 0.000436 0.012292 0.007314 0.000783 0.014975
0.016543 0.097986 0.562295 0.008924 0.003933 0.058023 0.008399 0.023866 0.085460 0.001351 0.001495 0.015394 0.003827 0.003263 0.019883 0.001148 0.001040 0.011216 0.000546 0.001906 0.006081 0.006504 0.006524 0.040988 0.000515 0.000814 0.012076
0.000166 0.004155 0.001543 0.000143 0.001155 0.000240 0.000525 0.028930 0.003936 0.001210 0.050265 0.006375 0.000110 0.004542 0.001786 0.000474 0.003977 0.000740 0.015704 0.826803 0.040727 0.000163 0.002633 0.000150 0.000224 0.002687 0.000635
0.000037 0.002559 0.000555 0.000062 0.002398 0.000596 0.000208 0.021179 0.001810 0.000072 0.007697 0.000328 0.000104 0.004646 0.000665 0.000137 0.006297 0.000558 0.006761 0.888637 0.040781 0.000400 0.010388 0.000777 0.000058 0.001939 0.000350
0.022819 0.320787 0.167532 0.004193 0.007902 0.016770 0.005154 0.141297 0.045138 0.000297 0.001975 0.001228 0.003024 0.011590 0.017238 0.002492 0.008038 0.010427 0.003125 0.090505 0.029527 0.018143 0.028335 0.034287 0.000548 0.004735 0.002891
0.477558 0.037249 0.335473 0.010462 0.000957 0.011088 0.018614 0.011223 0.030910 0.002854 0.000849 0.003232 0.005771 0.001471 0.013843 0.007482 0.001347 0.007316 0.000682 0.001024 0.001584 0.011306 0.000534 0.003982 0.001309 0.000301 0.001578
0.003825 0.140229 0.058071 0.004373 0.026202 0.011867 0.013313 0.273205 0.035872 0.000789 0.011494 0.003116 0.003312 0.031330 0.006879 0.001539 0.034522 0.007342 0.004896 0.171378 0.022324 0.006825 0.090233 0.028090 0.000750 0.005452 0.002771
0.039825 0.040205 0.046322 0.014252 0.008115 0.006271 0.061908 0.469081 0.099461 0.005840 0.009675 0.004987 0.014466 0.033029 0.018980 0.003937 0.012551 0.004102 0.003268 0.029575 0.007234 0.028433 0.025701 0.008325 0.002024 0.001196 0.001238
0.103188 0.001269 0.005339 0.258101 0.002512 0.005121 0.034005 0.002379 0.003174 0.128719 0.003403 0.003486 0.032310 0.002183 0.002253 0.181927 0.005107 0.005215 0.012544 0.000414 0.000428 0.191929 0.000858 0.003684 0.009498 0.000280 0.000672
0.003411 0.038618 0.089220 0.002847 0.000949 0.016577 0.018447 0.077806 0.328600 0.000270 0.001225 0.007023 0.004170 0.021691 0.020000 0.001018 0.002929 0.009931 0.014896 0.080823 0.192447 0.002632 0.008676 0.036924 0.000665 0.001934 0.016270
0.125207 0.007311 0.023691 0.026418 0.000332 0.004378 0.569809 0.046160 0.117634 0.007361 0.001439 0.002528 0.011912 0.001191 0.006099 0.016070 0.001933 0.003383 0.008759 0.000922 0.001639 0.008942 0.000464 0.001182 0.003675 0.000485 0.001078
0.261052 0.004724 0.020168 0.282980 0.004838 0.056881 0.033172 0.003212 0.013077 0.010160 0.000683 0.003777 0.031516 0.001361 0.006364 0.066012 0.001884 0.016481 0.009866 0.000351 0.002336 0.125389 0.001502 0.036033 0.002173 0.000429 0.003577
0.006642 0.186129 0.070660 0.014763 0.151887 0.090968 0.001248 0.007312 0.019316 0.005975 0.111239 0.101818 0.000926 0.003164 0.005458 0.012668 0.039171 0.056747 0.002788 0.035921 0.023648 0.002902 0.015147 0.025156 0.000559 0.003338 0.004451
0.142377 0.008672 0.110492 0.071475 0.001691 0.090994 0.076586 0.008627 0.136508 0.012956 0.002329 0.028128 0.044878 0.002181 0.073569 0.027094 0.001348 0.063083 0.012817 0.001042 0.010985 0.035783 0.000410 0.018219 0.002350 0.000468 0.014937
0.000812 0.000836 0.001038 0.001466 0.000256 0.000276 0.010793 0.078190 0.002900 0.000554 0.000309 0.000076 0.003250 0.005285 0.002031 0.004524 0.001489 0.001249 0.328050 0.488708 0.053905 0.005565 0.001628 0.001147 0.000912 0.002516 0.002234
0.001633 0.043467 0.004342 0.001375 0.039449 0.001635 0.006544 0.105204 0.006273 0.002019 0.046414 0.001588 0.010638 0.068209 0.012046 0.005003 0.110750 0.002641 0.008079 0.147640 0.006532 0.022512 0.319263 0.007997 0.001560 0.015574 0.001614
0.005179 0.102036 0.015965 0.001471 0.001512 0.000246 0.031957 0.588333 0.058626 0.006444 0.060341 0.004187 0.001061 0.007099 0.002036 0.001132 0.014982 0.000724 0.003431 0.074998 0.003556 0.000935 0.008333 0.000228 0.000968 0.003901 0.000319
0.000547 0.020441 0.003394 0.000346 0.002031 0.000607 0.013841 0.598525 0.036036 0.000378 0.010311 0.000563 0.000710 0.010246 0.003547 0.000120 0.009206 0.000461 0.003714 0.258789 0.011730 0.000374 0.010827 0.000728 0.000199 0.002119 0.000212
0.010784 0.031410 0.021513 0.003270 0.001148 0.002470 0.278933 0.254833 0.351467 0.000917 0.007506 0.001905 0.000565 0.001161 0.000705 0.000614 0.004449 0.002412 0.004400 0.011557 0.002887 0.000648 0.001736 0.000282 0.000773 0.001278 0.000378
0.000009 0.000721 0.000166 0.000044 0.000740 0.000217 0.000057 0.003441 0.000341 0.000014 0.002562 0.000070 0.000020 0.000690 0.000102 0.000046 0.000932 0.000315 0.008576 0.917355 0.057958 0.000151 0.004522 0.000233 0.000015 0.000583 0.000121
0.005636 0.108344 0.019335 0.003772 0.016303 0.011286 0.007904 0.172986 0.058562 0.000790 0.011612 0.003893 0.031243 0.095904 0.140410 0.002976 0.024049 0.006516 0.009878 0.088540 0.027177 0.027269 0.079637 0.035211 0.000778 0.007023 0.002968
0.007443 0.157371 0.026192 0.002251 0.011371 0.007816 0.007131 0.197725 0.038214 0.000371 0.009197 0.002369 0.002892 0.020538 0.013312 0.001287 0.029760 0.009194 0.005997 0.340314 0.058187 0.006311 0.026704 0.008000 0.000505 0.007479 0.002071
0.002211 0.001435 0.019752 0.004039 0.002144 0.161031 0.009464 0.013487 0.181635 0.016826 0.029912 0.411832 0.000983 0.001018 0.009360 0.004930 0.002389 0.040083 0.008550 0.017956 0.046481 0.002269 0.000177 0.005002 0.000737 0.000274 0.006025
0.026585 0.029259 0.012025 0.005056 0.000680 0.002030 0.309111 0.321104 0.161683 0.007100 0.008739 0.005559 0.009437 0.014440 0.016745 0.007002 0.009416 0.004851 0.014674 0.013796 0.006944 0.004632 0.002095 0.001054 0.003428 0.001558 0.000997
0.084152 0.001787 0.004915 0.435554 0.010514 0.013336 0.065528 0.009239 0.005580 0.043570 0.003449 0.001870 0.012850 0.001070 0.000601 0.092279 0.005527 0.004711 0.009808 0.000580 0.000278 0.183498 0.002104 0.002977 0.003601 0.000360 0.000262
0.003378 0.072563 0.047481 0.001497 0.001110 0.003447 0.011584 0.358616 0.189429 0.001479 0.010196 0.014537 0.000390 0.007047 0.005239 0.000366 0.003204 0.001242 0.004348 0.198800 0.055703 0.000123 0.002373 0.001714 0.000361 0.002366 0.001407
0.097441 0.005751 0.016832 0.128791 0.005270 0.033314 0.120189 0.031542 0.065197 0.070037 0.024196 0.043656 0.045898 0.007180 0.023962 0.104142 0.016488 0.030616 0.026587 0.004507 0.004370 0.076196 0.001209 0.004925 0.007832 0.000933 0.002940
0.043867 0.001465 0.003503 0.116088 0.003461 0.003025 0.042932 0.004548 0.004041 0.162086 0.012056 0.009118 0.030481 0.004352 0.002489 0.409558 0.014349 0.009513 0.045867 0.001480 0.000697 0.054946 0.000845 0.002271 0.015184 0.000812 0.000966
0.015496 0.018626 0.124341 0.009554 0.001481 0.030991 0.059029 0.030780 0.618955 0.002430 0.004583 0.032961 0.003232 0.003556 0.013827 0.001278 0.001579 0.007730 0.001667 0.002462 0.004552 0.001140 0.000655 0.005412 0.000718 0.000387 0.002579
0.069624 0.024707 0.615391 0.013411 0.001291 0.041436 0.011500 0.007967 0.136666 0.001101 0.001219 0.013352 0.004167 0.000921 0.025129 0.001030 0.000671 0.009465 0.000338 0.000907 0.003155 0.002048 0.000403 0.010097 0.000397 0.000194 0.003411
0.060717 0.126190 0.675275 0.003735 0.003431 0.015829 0.001613 0.002654 0.018358 0.003521 0.007162 0.057013 0.000437 0.000413 0.005045 0.001664 0.002552 0.005690 0.000069 0.000807 0.000756 0.000632 0.000514 0.004282 0.000218 0.000313 0.001110
0.001220 0.006932 0.015683 0.001134 0.000541 0.004899 0.023935 0.049285 0.050167 0.000301 0.000782 0.003400 0.024218 0.140753 0.127682 0.001722 0.008017 0.009943 0.097010 0.188882 0.159895 0.003148 0.009039 0.037101 0.002789 0.005634 0.025889
0.021919 0.028224 0.006358 0.022012 0.068483 0.008749 0.049514 0.169739 0.012631 0.021807 0.125159 0.008780 0.008505 0.011578 0.004012 0.028881 0.177022 0.010165 0.016669 0.080290 0.007419 0.030721 0.046780 0.005224 0.009397 0.018022 0.001939
0.059761 0.218082 0.039183 0.043430 0.211188 0.038232 0.005578 0.027989 0.009519 0.018343 0.064788 0.023306 0.004159 0.006057 0.002052 0.023817 0.073652 0.012478 0.000775 0.005593 0.001861 0.041331 0.039483 0.022807 0.001457 0.004443 0.000634
0.000260 0.001819 0.000509 0.005861 0.039285 0.006144 0.001630 0.013600 0.003166 0.003572 0.113964 0.009126 0.000366 0.005122 0.000531 0.002162 0.018506 0.004764 0.063473 0.579023 0.097733 0.003513 0.018823 0.003041 0.000611 0.002693 0.000703
0.000215 0.003648 0.000680 0.000256 0.003439 0.000871 0.001279 0.014720 0.004447 0.000243 0.007394 0.000590 0.025519 0.188834 0.064757 0.001403 0.017081 0.001648 0.098284 0.400521 0.113169 0.006071 0.027651 0.007240 0.000544 0.005730 0.003767
0.010119 0.006143 0.003739 0.007583 0.000834 0.001334 0.061153 0.029090 0.018319 0.021723 0.013295 0.007831 0.405110 0.038280 0.127731 0.078919 0.010206 0.004366 0.074301 0.005843 0.005915 0.028347 0.002662 0.002533 0.016201 0.007848 0.010572
0.015243 0.018441 0.049099 0.048663 0.019930 0.118084 0.058533 0.087403 0.133302 0.027757 0.105860 0.114585 0.025607 0.003280 0.015795 0.022947 0.016116 0.028528 0.008688 0.011434 0.012923 0.019815 0.004250 0.011775 0.004341 0.004911 0.012689
0.001151 0.001120 0.008581 0.005714 0.001590 0.026753 0.001784 0.008598 0.019771 0.002223 0.007051 0.049309 0.038165 0.020167 0.196924 0.013476 0.002166 0.020986 0.123280 0.153553 0.240042 0.004200 0.000860 0.012276 0.001261 0.001894 0.037103
0.000874 0.023722 0.000827 0.001634 0.061420 0.001029 0.000360 0.016997 0.000201 0.000184 0.012335 0.000239 0.001951 0.008155 0.001315 0.002869 0.052157 0.001302 0.007873 0.404249 0.006179 0.005761 0.369236 0.004405 0.000496 0.013540 0.000690
0.083933 0.508963 0.073687 0.012122 0.036597 0.007638 0.003098 0.008246 0.001891 0.004107 0.012821 0.004138 0.010465 0.011122 0.013570 0.017146 0.052824 0.012677 0.002510 0.008713 0.002055 0.027198 0.025743 0.040554 0.002362 0.014040 0.001780
0.083136 0.012970 0.291509 0.023890 0.003100 0.088860 0.009631 0.002859 0.029088 0.013779 0.006708 0.047136 0.022883 0.003182 0.144168 0.028408 0.005308 0.110543 0.004119 0.001846 0.008799 0.011397 0.000215 0.025959 0.002627 0.001015 0.016865
0.000203 0.002666 0.002068 0.000189 0.001369 0.000816 0.001116 0.012778 0.001688 0.000600 0.004226 0.001798 0.003010 0.063839 0.021868 0.001412 0.009536 0.003007 0.051088 0.650962 0.135034 0.001654 0.013290 0.006951 0.000582 0.002505 0.005744
0.018654 0.342217 0.176486 0.020999 0.063480 0.187967 0.001247 0.010125 0.009106 0.001277 0.007016 0.010111 0.000892 0.001192 0.003287 0.005105 0.015477 0.024178 0.000532 0.011096 0.007160 0.008527 0.011912 0.054791 0.000287 0.002769 0.004110
0.049236 0.559258 0.279916 0.003550 0.002486 0.005826 0.003855 0.035178 0.023505 0.001233 0.003831 0.005795 0.000292 0.001327 0.003353 0.001298 0.004343 0.005012 0.000139 0.002955 0.002114 0.000402 0.001269 0.001972 0.000384 0.000721 0.000749
0.000720 0.011247 0.002294 0.001892 0.028407 0.005838 0.002948 0.016802 0.003806 0.000482 0.010321 0.001136 0.001647 0.048166 0.002425 0.004854 0.062080 0.010949 0.044955 0.235482 0.045296 0.033490 0.360383 0.052896 0.001015 0.006885 0.003582
0.001161 0.028623 0.019745 0.006323 0.072776 0.055700 0.004846 0.184518 0.110404 0.003158 0.073829 0.015027 0.001198 0.012180 0.010199 0.002260 0.038091 0.013047 0.006931 0.210842 0.060745 0.008481 0.034520 0.017182 0.000757 0.005943 0.001515
0.000212 0.001790 0.001174 0.001121 0.001727 0.001046 0.006927 0.061520 0.017256 0.011292 0.084907 0.006252 0.000300 0.002974 0.001021 0.005618 0.012202 0.002978 0.115795 0.546978 0.111455 0.000494 0.000787 0.000257 0.001038 0.002304 0.000576
0.114717 0.002895 0.012829 0.143073 0.001760 0.018087 0.086175 0.017372 0.066984 0.012230 0.004680 0.005646 0.213791 0.004218 0.101763 0.055230 0.001746 0.003958 0.014237 0.001105 0.002046 0.104476 0.001070 0.003860 0.003549 0.000689 0.001816
0.019935 0.016107 0.680114 0.005861 0.000433 0.054871 0.003142 0.003421 0.081657 0.000701 0.001317 0.023434 0.002538 0.000466 0.064849 0.000830 0.000179 0.009039 0.000761 0.001772 0.010961 0.001198 0.000094 0.009444 0.000203 0.000296 0.006378
0.005202 0.336472 0.111096 0.003702 0.082804 0.022928 0.000989 0.011253 0.007927 0.000829 0.026447 0.016764 0.003982 0.015711 0.022511 0.002332 0.034323 0.020569 0.002311 0.067130 0.019272 0.005826 0.104503 0.060781 0.000477 0.005755 0.008106
0.140385 0.019059 0.093306 0.102238 0.008199 0.110693 0.047385 0.009055 0.040352 0.010271 0.002850 0.011146 0.110409 0.002970 0.093496 0.037106 0.005411 0.054911 0.008112 0.001045 0.005457 0.044012 0.001242 0.024304 0.003004 0.000918 0.012665
0.043846 0.033316 0.225368 0.033168 0.009580 0.081118 0.047524 0.051299 0.144841 0.046786 0.026468 0.149375 0.004712 0.001037 0.008725 0.013918 0.003745 0.028238 0.002745 0.004345 0.007668 0.011432 0.001452 0.009667 0.002030 0.000512 0.007084
0.066353 0.019279 0.014001 0.034509 0.006011 0.003795 0.097766 0.024833 0.010019 0.015658 0.007139 0.002309 0.027290 0.015419 0.006336 0.224215 0.043331 0.054876 0.139286 0.012129 0.008532 0.133256 0.007149 0.009149 0.009790 0.002990 0.004578
0.164454 0.004850 0.007892 0.137885 0.007418 0.002892 0.068738 0.006848 0.002800 0.140629 0.007956 0.003187 0.012867 0.001467 0.000649 0.298321 0.012787 0.006026 0.011324 0.000343 0.000131 0.086428 0.000885 0.000731 0.011715 0.000425 0.000354
0.116901 0.111628 0.215790 0.039106 0.021673 0.042369 0.042179 0.049445 0.095029 0.049475 0.047963 0.101326 0.003227 0.002610 0.005372 0.007619 0.015304 0.014426 0.000509 0.001172 0.001871 0.004531 0.001471 0.005741 0.001493 0.000324 0.001446
0.000011 0.000505 0.000178 0.000049 0.000365 0.000310 0.000130 0.008026 0.000550 0.000018 0.000837 0.000110 0.000158 0.009737 0.001139 0.000050 0.001716 0.000445 0.017909 0.659334 0.290451 0.000250 0.003849 0.003171 0.000032 0.000227 0.000442
0.073277 0.174674 0.017006 0.080875 0.279021 0.076284 0.012914 0.027240 0.013761 0.003672 0.031965 0.003958 0.002789 0.001469 0.000933 0.009958 0.067002 0.007154 0.000718 0.003746 0.001758 0.044260 0.037635 0.024198 0.000861 0.002364 0.000509
0.001697 0.003358 0.028573 0.000962 0.000264 0.016706 0.017224 0.059996 0.752810 0.000131 0.000952 0.010361 0.000802 0.002508 0.015974 0.000137 0.000280 0.004389 0.002344 0.013625 0.057175 0.000450 0.000433 0.005207 0.000166 0.000192 0.003283
0.005485 0.026366 0.069908 0.001332 0.002559 0.026466 0.004520 0.020828 0.111702 0.003340 0.019915 0.182855 0.004386 0.038370 0.197654 0.002754 0.008390 0.041074 0.005808 0.053609 0.120393 0.002187 0.001903 0.027519 0.001106 0.000801 0.018769
0.045129 0.625224 0.018770 0.003655 0.040037 0.001582 0.005050 0.088300 0.002732 0.001041 0.010799 0.000850 0.000418 0.003043 0.000367 0.001112 0.055317 0.001446 0.000189 0.016651 0.000696 0.004617 0.068033 0.002287 0.000393 0.002112 0.000148
0.118172 0.008696 0.044646 0.104330 0.009415 0.133919 0.027304 0.007846 0.044071 0.034517 0.009140 0.035633 0.017398 0.002501 0.011083 0.098359 0.005437 0.041186 0.007697 0.001217 0.005128 0.171647 0.002223 0.050607 0.004255 0.000397 0.003175
0.007448 0.276543 0.016352 0.002232 0.007912 0.001860 0.013434 0.475413 0.038973 0.000829 0.012119 0.002846 0.002139 0.028105 0.006225 0.000979 0.052490 0.002601 0.000717 0.019223 0.003544 0.001801 0.018234 0.003235 0.000923 0.003392 0.000431
0.000167 0.007493 0.000573 0.000347 0.004717 0.000620 0.000312 0.008351 0.001774 0.000055 0.003783 0.000340 0.002594 0.103530 0.006960 0.000302 0.010861 0.001956 0.012664 0.580968 0.084473 0.008417 0.142125 0.011525 0.000192 0.002849 0.002054
0.205302 0.001609 0.008229 0.367360 0.006769 0.025409 0.046058 0.005281 0.008344 0.017258 0.000953 0.001710 0.095273 0.000690 0.007247 0.068646 0.001109 0.007512 0.009445 0.000232 0.000914 0.096844 0.000667 0.005438 0.008599 0.000658 0.002444
0.006697 0.008132 0.017748 0.010855 0.011715 0.052587 0.014418 0.018009 0.098051 0.028221 0.116486 0.186672 0.016750 0.006357 0.040757 0.037764 0.010094 0.035994 0.064125 0.095742 0.081040 0.001536 0.000774 0.007482 0.005426 0.003795 0.022774
0.185820 0.004543 0.012159 0.305245 0.004174 0.020618 0.219753 0.033509 0.020069 0.012538 0.002516 0.001520 0.019327 0.000346 0.001678 0.036666 0.001417 0.006056 0.007648 0.000422 0.000672 0.095189 0.000625 0.002430 0.003930 0.000371 0.000760
0.001071 0.002297 0.010448 0.001143 0.000519 0.006130 0.014936 0.102421 0.109451 0.001209 0.005056 0.017366 0.003520 0.009475 0.020599 0.001581 0.000863 0.006832 0.074318 0.297466 0.292527 0.001357 0.000984 0.004263 0.000716 0.000868 0.012584
0.118161 0.007250 0.019012 0.058886 0.003601 0.013320 0.452117 0.133278 0.045399 0.011909 0.003391 0.003066 0.008474 0.000549 0.001158 0.030509 0.004200 0.008631 0.006931 0.001185 0.000843 0.059649 0.001698 0.002165 0.003258 0.000524 0.000836
0.010425 0.001707 0.003000 0.697123 0.114195 0.023188 0.004392 0.005651 0.001340 0.008449 0.002794 0.000768 0.001506 0.000212 0.000059 0.017308 0.002074 0.003664 0.002903 0.000686 0.000418 0.086735 0.004189 0.005888 0.000838 0.000287 0.000200
0.000712 0.005671 0.000475 0.001881 0.008897 0.000452 0.001534 0.013403 0.001560 0.000362 0.004839 0.000115 0.002499 0.048143 0.001460 0.002109 0.019141 0.001624 0.077719 0.674608 0.052254 0.006869 0.064037 0.005768 0.000722 0.002169 0.000977
0.014942 0.003469 0.002835 0.053035 0.013078 0.005608 0.011194 0.003281 0.002565 0.006924 0.002195 0.000701 0.181064 0.025745 0.032709 0.110395 0.012781 0.014817 0.159978 0.005327 0.004628 0.280875 0.014300 0.017401 0.006450 0.004296 0.009407
0.033209 0.011358 0.007413 0.168256 0.065791 0.024862 0.030018 0.005915 0.005338 0.327388 0.083586 0.024495 0.008905 0.001746 0.001936 0.079535 0.040622 0.031716 0.019294 0.002264 0.001334 0.005822 0.001156 0.002002 0.010748 0.002823 0.002469
0.000292 0.003460 0.000747 0.001434 0.003724 0.002914 0.002269 0.010926 0.004425 0.000297 0.004925 0.000904 0.014304 0.070051 0.028575 0.002105 0.010404 0.002402 0.084764 0.513165 0.177824 0.004061 0.025516 0.016518 0.000725 0.004974 0.008296
0.005574 0.016472 0.011517 0.024955 0.012141 0.046457 0.045800 0.060896 0.082366 0.009107 0.020572 0.019382 0.128794 0.017472 0.113975 0.021262 0.010329 0.025311 0.054516 0.021925 0.061427 0.073683 0.023275 0.045394 0.007534 0.010954 0.028909
0.009679 0.003577 0.007161 0.191156 0.011866 0.055501 0.016610 0.005825 0.011725 0.014702 0.003467 0.010862 0.176843 0.006980 0.068361 0.102943 0.006462 0.051952 0.077494 0.003169 0.016179 0.060906 0.002963 0.024683 0.008138 0.004760 0.046035
0.410838 0.052138 0.223028 0.093020 0.006965 0.037933 0.032576 0.005399 0.010626 0.019679 0.004908 0.013634 0.008852 0.000596 0.006185 0.029298 0.003014 0.012835 0.002281 0.000354 0.001227 0.010903 0.000691 0.003676 0.002864 0.001485 0.004995
0.011497 0.004779 0.020175 0.041747 0.000431 0.004317 0.563862 0.130869 0.175988 0.003403 0.001002 0.000879 0.003242 0.000683 0.001933 0.001326 0.000611 0.002487 0.019133 0.002593 0.003213 0.001747 0.000266 0.000314 0.001468 0.000543 0.001491
0.001039 0.014283 0.019037 0.002579 0.003459 0.013672 0.007333 0.029004 0.062737 0.000224 0.003840 0.014338 0.019441 0.076718 0.238965 0.000627 0.002083 0.015290 0.018050 0.117724 0.269719 0.003853 0.015825 0.028830 0.000332 0.002257 0.018740
0.007988 0.000367 0.003656 0.018847 0.000183 0.004084 0.487136 0.035825 0.077717 0.005024 0.000367 0.004046 0.154420 0.002942 0.043737 0.006126 0.000382 0.006067 0.066903 0.000855 0.010048 0.032979 0.000796 0.003396 0.007633 0.001085 0.017392
0.001369 0.015891 0.005509 0.002802 0.010798 0.002025 0.009121 0.591757 0.019795 0.000901 0.009533 0.001591 0.003897 0.005480 0.003906 0.000823 0.010030 0.001413 0.004229 0.238532 0.008329 0.004837 0.033464 0.003002 0.000905 0.008279 0.001784
0.188661 0.004297 0.026252 0.220575 0.004851 0.042467 0.039267 0.010876 0.023206 0.025346 0.002854 0.008723 0.090176 0.001344 0.026189 0.114022 0.001873 0.017608 0.008281 0.000555 0.002051 0.123374 0.000593 0.006461 0.005484 0.000728 0.003886
0.043181 0.221267 0.038087 0.030029 0.105066 0.009360 0.013345 0.031869 0.006081 0.043026 0.196623 0.028002 0.003096 0.002358 0.001842 0.056249 0.095940 0.015144 0.002854 0.007331 0.001540 0.016360 0.017001 0.004127 0.003842 0.005290 0.001091
0.002120 0.004081 0.016198 0.001139 0.000568 0.010480 0.000916 0.001925 0.013992 0.000563 0.000821 0.017149 0.029275 0.044245 0.757068 0.001846 0.001122 0.011582 0.003236 0.007367 0.026679 0.005999 0.001225 0.023049 0.000343 0.000468 0.016544
0.034255 0.087621 0.111066 0.008737 0.001357 0.015767 0.067231 0.151422 0.412963 0.007254 0.015392 0.032544 0.003279 0.001697 0.018890 0.002185 0.004479 0.006899 0.001365 0.003940 0.002990 0.001878 0.000625 0.000901 0.001334 0.001097 0.002834
0.001571 0.010775 0.032345 0.003037 0.001896 0.027378 0.002143 0.012031 0.037440 0.000053 0.000327 0.004957 0.043983 0.045225 0.350838 0.000364 0.000969 0.008239 0.002835 0.012158 0.071934 0.008880 0.030201 0.256976 0.000187 0.000889 0.032367
0.000304 0.021473 0.001771 0.000397 0.006701 0.000583 0.000614 0.121017 0.003722 0.000096 0.005465 0.000548 0.000544 0.007918 0.002301 0.000185 0.008521 0.001065 0.002986 0.743832 0.026009 0.000694 0.032823 0.002248 0.000149 0.007119 0.000914
0.014162 0.032222 0.005007 0.030825 0.187722 0.008344 0.016831 0.039953 0.004130 0.014407 0.059901 0.002552 0.010752 0.016133 0.001356 0.038047 0.165546 0.014775 0.011403 0.019790 0.002719 0.173646 0.106013 0.009321 0.003890 0.009840 0.000713
0.000402 0.010231 0.000397 0.007013 0.243291 0.003043 0.000604 0.008330 0.001015 0.011139 0.388561 0.004167 0.000572 0.003077 0.000222 0.003783 0.114037 0.001806 0.006442 0.134585 0.006984 0.002256 0.036248 0.001553 0.000879 0.009166 0.000198
0.082346 0.030268 0.011202 0.031108 0.005169 0.003176 0.139716 0.062620 0.039197 0.036112 0.017790 0.006729 0.151807 0.066522 0.070268 0.047763 0.020002 0.008259 0.053678 0.005617 0.004559 0.069129 0.008186 0.008732 0.011357 0.006321 0.002365
0.000920 0.004541 0.016388 0.004970 0.001183 0.022833 0.001900 0.003023 0.025065 0.000207 0.001152 0.012554 0.067597 0.033569 0.558307 0.001213 0.001083 0.008893 0.008297 0.014502 0.107659 0.005543 0.003874 0.065558 0.000427 0.001674 0.027069
0.000924 0.065424 0.004444 0.004891 0.072146 0.005267 0.004317 0.298227 0.012293 0.000124 0.009347 0.000785 0.001994 0.003771 0.001863 0.000215 0.012452 0.002206 0.000991 0.056264 0.008257 0.008821 0.393831 0.020285 0.000299 0.009466 0.001096
0.017367 0.007414 0.015461 0.005891 0.000370 0.002997 0.266640 0.111315 0.287662 0.001051 0.001495 0.003340 0.035697 0.018551 0.076057 0.003997 0.001631 0.010678 0.045257 0.011619 0.033497 0.018481 0.004852 0.006229 0.003539 0.002415 0.006500
0.015487 0.506962 0.017354 0.005620 0.077372 0.001645 0.004064 0.095747 0.002272 0.000820 0.012425 0.000807 0.000805 0.002916 0.000339 0.001287 0.040373 0.001750 0.000361 0.026990 0.000891 0.010160 0.165416 0.002644 0.000370 0.004873 0.000249
0.011437 0.004520 0.001553 0.028556 0.006645 0.000833 0.016881 0.007151 0.001507 0.015974 0.005971 0.000653 0.022819 0.039807 0.002721 0.168208 0.034315 0.005312 0.143621 0.008364 0.002831 0.409164 0.039740 0.008493 0.008761 0.003348 0.000815
0.002301 0.025897 0.059162 0.002652 0.003192 0.027672 0.007605 0.030328 0.184302 0.000306 0.001924 0.012077 0.038103 0.047580 0.238349 0.000596 0.002417 0.009626 0.005371 0.026492 0.099578 0.004652 0.012444 0.107267 0.000505 0.002638 0.046965
0.002465 0.007414 0.064767 0.018393 0.020060 0.576504 0.001091 0.002638 0.029067 0.002247 0.006841 0.092892 0.001101 0.000376 0.003027 0.003386 0.001902 0.089403 0.001311 0.004403 0.029149 0.001518 0.000451 0.023321 0.000269 0.000301 0.015703
0.014226 0.031155 0.442785 0.005586 0.003687 0.169617 0.001331 0.002022 0.023394 0.003536 0.004646 0.139025 0.002256 0.000887 0.023261 0.004244 0.002143 0.055907 0.000541 0.001288 0.010929 0.002348 0.000417 0.041184 0.000366 0.000305 0.012915
0.005130 0.006631 0.004497 0.011370 0.003243 0.001372 0.267783 0.278620 0.011352 0.003240 0.001803 0.000538 0.051197 0.086476 0.011522 0.008075 0.016973 0.005039 0.075510 0.029345 0.012345 0.037035 0.038764 0.013550 0.010230 0.005083 0.003277
